c_bin	number_of_SNP_pairs	Observed_d2	Predicted_d2
0.04104330	3869999081	0.26306400	0.26457573
0.02895180	1994822670	0.26914200	0.27011250
0.02240230	1221623768	0.27453000	0.27355402
0.01827990	817560115	0.27716500	0.27590020
0.01544620	583130581	0.27975600	0.27760017
0.01337300	439621611	0.28005800	0.27889179
0.01179150	342415277	0.27967300	0.27990600
0.01054570	274143687	0.27930800	0.28072400
0.00953810	224206666	0.28095000	0.28139938
0.00870590	188534187	0.28143200	0.28196814
0.00800789	159037304	0.28261400	0.28245468
0.00741459	136822260	0.28293000	0.28287706
0.00690192	118218939	0.28398900	0.28325072
0.00645611	103470864	0.28397800	0.28358444
0.00606374	91680928	0.28467500	0.28388722
0.00571748	81294561	0.28425300	0.28416377
0.00540841	72631441	0.28586100	0.28442031
0.00513041	65253554	0.28609700	0.28466111
0.00487996	58922562	0.28510600	0.28488840
0.00465285	53407004	0.28509300	0.28510512
0.00444604	48841754	0.28409000	0.28531328
0.00425680	44840444	0.28437800	0.28551476
0.00408288	41142896	0.28418800	0.28571108
0.00392267	38066994	0.28476700	0.28590317
0.00377451	34996736	0.28697100	0.28609212
0.00363709	32794971	0.28643900	0.28627873
0.00350964	30519741	0.28574300	0.28646312
0.00339056	28543600	0.28670800	0.28664670
0.00327918	26491342	0.28642000	0.28682971
0.00317514	24860453	0.28649000	0.28701186
0.00307741	23568782	0.28655800	0.28719407
0.00298552	22186343	0.28708800	0.28737641
0.00289895	21058647	0.28764800	0.28755911
0.00281731	19756326	0.28636300	0.28774219
0.00274006	18660045	0.28695500	0.28792610
0.00266703	17616562	0.28661200	0.28811049
0.00259777	16733190	0.28828600	0.28829576
0.00253198	15826780	0.28918800	0.28848200
0.00246933	15148150	0.28755400	0.28866950
0.00240991	14346592	0.28879800	0.28885729
0.00235318	13654885	0.28996800	0.28904639
0.00229902	13048888	0.28960100	0.28923662
0.00222293	24670598	0.29019866	0.28952136
0.00212823	22749615	0.28923652	0.28990759
0.00204136	20939793	0.29071234	0.29029723
0.00196124	19259849	0.29186939	0.29069084
0.00188720	17859589	0.29253634	0.29108776
0.00181854	16703981	0.29109670	0.29148809
0.00175475	15545646	0.29287812	0.29189110
0.00169530	14413322	0.29214509	0.29229691
0.00163961	13430854	0.29258422	0.29270637
0.00158754	12627132	0.29303497	0.29311762
0.00151605	23298143	0.29468300	0.29373249
0.00142938	20692428	0.29544154	0.29456707
0.00135194	18520751	0.29559795	0.29540981
0.00128262	16773818	0.29661720	0.29625584
0.00121998	15152324	0.29681749	0.29710715
0.00116315	13815305	0.29734234	0.29796231
0.00111145	12786759	0.29699327	0.29881847
0.00104294	22238523	0.30065970	0.30008712
