Generation	Ne_diploids
1	268.737
2	268.737
3	268.737
4	268.737
5	82.3268
6	69.5398
7	56.7277
8	53.9815
9	94.6145
10	155.494
11	1344.18
12	12930.4
13	276969
14	411901
15	414609
16	415272
17	395691
18	397890
19	395734
20	397859
21	394651
22	393711
23	391821
24	393842
25	390244
26	390762
27	393694
28	400088
29	399837
30	401340
31	401667
32	409200
33	408339
34	414879
35	419456
36	428808
37	433410
38	440213
39	436791
40	436004
41	429572
42	426538
43	422411
44	422114
45	422617
46	425118
47	428427
48	437065
49	446853
50	451520
51	455601
52	459335
53	461165
54	456861
55	454087
56	449996
57	450057
58	452266
59	457680
60	462350
61	466971
62	461585
63	455599
64	455690
65	451001
66	445071
67	441799
68	440760
69	440896
70	441295
71	444545
72	449353
73	453524
74	456361
75	455895
76	455897
77	458527
78	462183
79	466163
80	472761
81	473653
82	473052
83	469897
84	469472
85	469601
86	470720
87	468841
88	473473
89	477016
90	479095
91	477154
92	480338
93	488599
94	492985
95	493980
96	489851
97	484398
98	484448
99	482971
100	481923
101	479773
102	473925
103	472521
104	471008
105	478010
106	477573
107	476581
108	474669
109	469875
110	469624
111	469319
112	471822
113	468292
114	464603
115	463578
116	460891
117	455365
118	452263
119	454115
120	455424
121	456522
122	462478
123	465126
124	464113
125	462746
126	464980
127	467835
128	469958
129	470817
130	475350
131	476605
132	475551
133	474503
134	475645
135	478493
136	478053
137	475399
138	475565
139	467390
140	464133
141	458379
142	451064
143	447300
144	443132
145	440635
146	438369
147	436802
148	433953
149	431290
150	424352
