0.635295 0.000010 0.021067 0.062772 0.057851 0.051413 0.000010 0.171581
0.660256 0.000010 0.000010 0.000010 0.075878 0.123692 0.034949 0.105195
0.000010 0.018737 0.028092 0.000010 0.000010 0.859017 0.094114 0.000010
0.000010 0.000010 0.999930 0.000010 0.000010 0.000010 0.000010 0.000010
0.000010 0.000010 0.999930 0.000010 0.000010 0.000010 0.000010 0.000010
0.025725 0.348247 0.012201 0.457927 0.000010 0.077691 0.063753 0.014447
0.999930 0.000010 0.000010 0.000010 0.000010 0.000010 0.000010 0.000010
0.000010 0.000010 0.000010 0.000010 0.000010 0.000010 0.999930 0.000010
0.000010 0.000010 0.000010 0.000010 0.999930 0.000010 0.000010 0.000010
0.000010 0.000010 0.000010 0.000010 0.000010 0.000010 0.999930 0.000010
0.000010 0.000010 0.011664 0.907939 0.000010 0.049188 0.031169 0.000010
0.000010 0.000010 0.999930 0.000010 0.000010 0.000010 0.000010 0.000010
0.000017 0.182314 0.000017 0.817607 0.000010 0.000014 0.000010 0.000010
0.999930 0.000010 0.000010 0.000010 0.000010 0.000010 0.000010 0.000010
0.000010 0.000010 0.977020 0.022920 0.000010 0.000010 0.000010 0.000010
0.000013 0.000020 0.000010 0.000010 0.999918 0.000010 0.000010 0.000010
0.000010 0.000010 0.000010 0.000010 0.000010 0.968167 0.031772 0.000010
0.000010 0.201534 0.021639 0.691057 0.000010 0.056643 0.029097 0.000010
0.000010 0.058619 0.119792 0.097271 0.000010 0.587687 0.084485 0.052127
0.078882 0.129254 0.009259 0.408728 0.021899 0.160403 0.083387 0.108188
0.000010 0.000010 0.999930 0.000010 0.000010 0.000010 0.000010 0.000010
0.000010 0.138891 0.000010 0.861049 0.000010 0.000010 0.000010 0.000010
0.516320 0.252573 0.000010 0.000010 0.103618 0.006033 0.000010 0.121426
0.000010 0.824024 0.000010 0.175916 0.000010 0.000010 0.000010 0.000010
0.000010 0.000010 0.000010 0.000010 0.000010 0.000010 0.999930 0.000010
0.000010 0.999930 0.000010 0.000010 0.000010 0.000010 0.000010 0.000010
0.000010 0.027635 0.000010 0.810442 0.000010 0.113503 0.048380 0.000010
0.029461 0.438272 0.000010 0.339474 0.006240 0.082966 0.038064 0.065513
0.000010 0.000010 0.000016 0.175538 0.000010 0.000010 0.013102 0.811304
0.000010 0.000010 0.000010 0.000010 0.000010 0.000010 0.000010 0.999930
0.000010 0.000010 0.029590 0.970350 0.000010 0.000010 0.000010 0.000010
0.999928 0.000012 0.000010 0.000010 0.000010 0.000010 0.000010 0.000010
0.605360 0.020337 0.011075 0.077122 0.073311 0.032727 0.009943 0.170125
0.677109 0.040307 0.000010 0.024279 0.073230 0.013331 0.000010 0.171724
0.006237 0.312200 0.029318 0.382848 0.000010 0.110530 0.011541 0.147315
0.000010 0.000243 0.020016 0.054140 0.000010 0.000010 0.000010 0.925561
0.000010 0.000010 0.000010 0.100968 0.000010 0.000010 0.000010 0.898972
0.000010 0.999930 0.000010 0.000010 0.000010 0.000010 0.000010 0.000010
0.000010 0.000010 0.048836 0.030773 0.920340 0.000010 0.000010 0.000010
0.999930 0.000010 0.000010 0.000010 0.000010 0.000010 0.000010 0.000010
0.000010 0.000010 0.999929 0.000010 0.000011 0.000010 0.000010 0.000010
0.000010 0.031452 0.102329 0.171742 0.000010 0.364027 0.047107 0.283322
0.000010 0.000010 0.999928 0.000010 0.000010 0.000012 0.000010 0.000010
0.000010 0.000010 0.000010 0.000010 0.000010 0.999930 0.000010 0.000010
0.000010 0.129844 0.048489 0.024960 0.000010 0.097459 0.147564 0.551664
0.000010 0.000010 0.000010 0.000010 0.000010 0.999928 0.000012 0.000010
0.000010 0.000010 0.000010 0.135259 0.000010 0.023664 0.000010 0.841027
0.999930 0.000010 0.000010 0.000010 0.000010 0.000010 0.000010 0.000010
0.895771 0.058572 0.000010 0.045605 0.000010 0.000010 0.000012 0.000010
0.000010 0.000010 0.034286 0.965654 0.000010 0.000010 0.000010 0.000010
0.000010 0.609878 0.131771 0.234844 0.000010 0.012609 0.010868 0.000010
0.000010 0.000010 0.999930 0.000010 0.000010 0.000010 0.000010 0.000010
0.000010 0.000010 0.000010 0.999930 0.000010 0.000010 0.000010 0.000010
0.000010 0.143525 0.000010 0.856415 0.000010 0.000010 0.000010 0.000010
0.000010 0.000010 0.000010 0.000010 0.000010 0.000010 0.999930 0.000010
0.000010 0.000010 0.000010 0.000010 0.000010 0.000010 0.000010 0.999930
0.000010 0.000010 0.000010 0.999930 0.000010 0.000010 0.000010 0.000010
0.000010 0.000010 0.000010 0.000010 0.000010 0.000010 0.000010 0.999930
0.000010 0.000013 0.999925 0.000010 0.000010 0.000011 0.000010 0.000010
0.000010 0.000010 0.000010 0.999930 0.000010 0.000010 0.000010 0.000010
0.519581 0.000010 0.000010 0.075218 0.073746 0.005359 0.035649 0.290426
0.000010 0.000010 0.000016 0.999924 0.000010 0.000010 0.000010 0.000010
0.000010 0.000010 0.000010 0.901676 0.000010 0.098264 0.000010 0.000010
0.000016 0.000012 0.000017 0.000010 0.000010 0.000010 0.999915 0.000010
0.000020 0.000010 0.000010 0.000010 0.999920 0.000010 0.000010 0.000010
0.000010 0.000010 0.000010 0.000010 0.999930 0.000010 0.000010 0.000010
0.000010 0.192453 0.085399 0.437671 0.000010 0.252424 0.032022 0.000010
0.011875 0.018556 0.006863 0.057940 0.000010 0.000010 0.002845 0.901902
0.988702 0.000010 0.000010 0.000010 0.000010 0.000010 0.011238 0.000010
0.000010 0.000010 0.000010 0.895359 0.000010 0.104581 0.000010 0.000010
0.000013 0.110357 0.105805 0.106381 0.000010 0.621141 0.056282 0.000010
0.000010 0.169434 0.000015 0.000010 0.000010 0.301150 0.038625 0.490746
0.000010 0.000010 0.000010 0.000010 0.000010 0.000010 0.000010 0.999930
0.000010 0.166516 0.000018 0.833416 0.000010 0.000010 0.000010 0.000010
0.000010 0.000010 0.000010 0.000010 0.000010 0.999930 0.000010 0.000010
0.000010 0.032839 0.000010 0.000010 0.000010 0.851967 0.115144 0.000010
0.000010 0.153623 0.000010 0.803675 0.000010 0.000010 0.042651 0.000010
0.000010 0.097528 0.000010 0.902412 0.000010 0.000010 0.000010 0.000010
0.000010 0.000010 0.000010 0.000010 0.999930 0.000010 0.000010 0.000010
0.000010 0.000019 0.000010 0.000010 0.000010 0.107937 0.891994 0.000010
0.000010 0.000010 0.000010 0.000010 0.000010 0.999930 0.000010 0.000010
0.000010 0.180424 0.000016 0.739511 0.000010 0.044965 0.035055 0.000010
0.000010 0.242069 0.000010 0.000010 0.000010 0.202605 0.000010 0.555275
0.000010 0.017815 0.000010 0.771107 0.000010 0.176450 0.000010 0.034589
0.000013 0.000010 0.999927 0.000010 0.000010 0.000010 0.000010 0.000010
0.000010 0.048584 0.000010 0.944385 0.000010 0.000010 0.006981 0.000010
0.000010 0.050278 0.028081 0.913847 0.000010 0.007746 0.000018 0.000010
0.000010 0.000010 0.000010 0.000010 0.000010 0.000010 0.999930 0.000010
0.000010 0.000010 0.911823 0.000010 0.000010 0.088117 0.000010 0.000010
0.000010 0.039563 0.079223 0.221005 0.000010 0.539092 0.049516 0.071581
0.000010 0.000010 0.018279 0.000010 0.000010 0.000010 0.052270 0.929401
0.012148 0.110619 0.137141 0.296826 0.016474 0.276181 0.066186 0.084425
0.000010 0.000010 0.000010 0.000010 0.000010 0.000010 0.000010 0.999930
0.000010 0.091057 0.000010 0.000010 0.000010 0.908883 0.000010 0.000010
0.000010 0.938159 0.061781 0.000010 0.000010 0.000010 0.000010 0.000010
0.004183 0.029223 0.103698 0.110960 0.000010 0.691478 0.033237 0.027211
0.000010 0.000010 0.999928 0.000010 0.000012 0.000010 0.000010 0.000010
0.000010 0.000010 0.000010 0.000010 0.000010 0.999930 0.000010 0.000010
0.000010 0.000010 0.000010 0.000010 0.000010 0.000010 0.999930 0.000010
0.000010 0.000010 0.000010 0.013814 0.000010 0.079838 0.707340 0.198967
0.000018 0.000010 0.000010 0.000010 0.999922 0.000010 0.000010 0.000010
0.000010 0.721190 0.000010 0.278750 0.000010 0.000010 0.000010 0.000010
0.000010 0.000010 0.999925 0.000010 0.000015 0.000010 0.000010 0.000010
0.000010 0.007298 0.000010 0.952162 0.000010 0.000010 0.000010 0.040490
0.000010 0.782521 0.020615 0.115926 0.000010 0.042819 0.038089 0.000010
0.001314 0.099427 0.000013 0.058327 0.000010 0.000010 0.034550 0.806349
0.000010 0.000010 0.999927 0.000013 0.000010 0.000010 0.000010 0.000010
0.000010 0.000012 0.039210 0.153296 0.000010 0.629711 0.059602 0.118150
0.000010 0.028332 0.033589 0.388051 0.000010 0.443341 0.006154 0.100513
0.000010 0.000010 0.999930 0.000010 0.000010 0.000010 0.000010 0.000010
0.622692 0.013921 0.000010 0.000010 0.094341 0.033477 0.038188 0.197361
0.000010 0.000010 0.044802 0.000010 0.000010 0.955138 0.000010 0.000010
0.000010 0.689166 0.082776 0.115159 0.000010 0.000010 0.112859 0.000010
0.000010 0.096807 0.174543 0.017464 0.000010 0.566993 0.084856 0.059317
0.000010 0.000010 0.040149 0.000010 0.000010 0.890813 0.040098 0.028900
0.000010 0.000010 0.000010 0.000010 0.000010 0.999930 0.000010 0.000010
0.000010 0.000010 0.999921 0.000010 0.000015 0.000010 0.000014 0.000010
0.000010 0.000010 0.999926 0.000010 0.000010 0.000014 0.000010 0.000010
0.000010 0.000010 0.000010 0.942077 0.000010 0.000010 0.057863 0.000010
0.000010 0.000010 0.000010 0.926502 0.000010 0.017920 0.055528 0.000010
0.000010 0.592366 0.040053 0.259669 0.000010 0.026568 0.081313 0.000010
0.999930 0.000010 0.000010 0.000010 0.000010 0.000010 0.000010 0.000010
0.000010 0.094104 0.042863 0.754504 0.000010 0.000010 0.079843 0.028656
0.000010 0.090244 0.113657 0.608507 0.000010 0.165949 0.008235 0.013388
0.000010 0.111080 0.137956 0.000010 0.000010 0.634311 0.023076 0.093547
0.000010 0.000010 0.000010 0.849906 0.000010 0.072084 0.077960 0.000010
0.000010 0.005229 0.000010 0.994711 0.000010 0.000010 0.000010 0.000010
0.000010 0.000010 0.030554 0.900905 0.000010 0.068491 0.000010 0.000010
0.000010 0.000010 0.000010 0.000010 0.000010 0.973750 0.026190 0.000010
0.000010 0.229114 0.072019 0.678113 0.000010 0.000010 0.020714 0.000010
0.000010 0.000010 0.000010 0.999930 0.000010 0.000010 0.000010 0.000010
0.000010 0.000010 0.000010 0.000010 0.000010 0.000010 0.000010 0.999930
0.000010 0.000017 0.000010 0.907179 0.000010 0.062152 0.000010 0.030612
0.000010 0.000010 0.010149 0.000010 0.000010 0.872135 0.097414 0.020262
0.915901 0.040488 0.000018 0.000010 0.000010 0.000010 0.024194 0.019370
0.013661 0.039921 0.003658 0.309382 0.000010 0.633348 0.000010 0.000010
0.999930 0.000010 0.000010 0.000010 0.000010 0.000010 0.000010 0.000010
0.000010 0.000010 0.095014 0.838901 0.000010 0.066035 0.000010 0.000010
0.000010 0.033867 0.000010 0.966069 0.000010 0.000010 0.000015 0.000010
0.000010 0.000010 0.907406 0.000010 0.000010 0.092534 0.000010 0.000010
0.998517 0.000010 0.001423 0.000010 0.000010 0.000010 0.000010 0.000010
0.000010 0.000010 0.083400 0.000010 0.000010 0.123822 0.000010 0.792729
0.000010 0.004841 0.137045 0.068939 0.000010 0.519364 0.112143 0.157648
0.000010 0.027467 0.116623 0.000010 0.000010 0.826632 0.029238 0.000010
0.000018 0.000010 0.973286 0.026646 0.000010 0.000010 0.000010 0.000010
0.000010 0.177414 0.000010 0.817607 0.000010 0.000010 0.004929 0.000010
0.000010 0.000010 0.000010 0.999930 0.000010 0.000010 0.000010 0.000010
0.000010 0.000010 0.000010 0.000010 0.000010 0.973220 0.026720 0.000010
0.720085 0.141249 0.000010 0.010823 0.011366 0.000010 0.000010 0.116448
0.000010 0.000010 0.000010 0.999930 0.000010 0.000010 0.000010 0.000010
0.581713 0.063223 0.012241 0.029467 0.078416 0.000010 0.033698 0.201232
0.000010 0.000010 0.063153 0.000010 0.000010 0.897505 0.039292 0.000010
0.000010 0.000010 0.999930 0.000010 0.000010 0.000010 0.000010 0.000010
0.000010 0.000010 0.083236 0.106301 0.000010 0.669200 0.078726 0.062506
0.000010 0.000010 0.000010 0.000010 0.000010 0.000010 0.000010 0.999930
0.000010 0.401743 0.000010 0.511858 0.000010 0.071764 0.011929 0.002676
0.000010 0.139534 0.000010 0.000010 0.000010 0.860406 0.000010 0.000010
0.000010 0.000010 0.022245 0.972240 0.000010 0.000010 0.005465 0.000010
0.000010 0.000010 0.034166 0.010742 0.000010 0.905030 0.000010 0.050022
0.996722 0.003218 0.000010 0.000010 0.000010 0.000010 0.000010 0.000010
0.000010 0.000010 0.000010 0.000010 0.999930 0.000010 0.000010 0.000010
0.000010 0.000010 0.002993 0.000010 0.000010 0.981088 0.015868 0.000010
0.000010 0.705423 0.000010 0.294517 0.000010 0.000010 0.000010 0.000010
0.489871 0.161627 0.000010 0.014810 0.063413 0.000010 0.028349 0.241909
0.000010 0.156877 0.000013 0.748971 0.000010 0.094098 0.000010 0.000010
0.000010 0.000010 0.000010 0.010544 0.000010 0.000010 0.989396 0.000010
0.000010 0.000010 0.999930 0.000010 0.000010 0.000010 0.000010 0.000010
0.000010 0.035925 0.036223 0.000010 0.000010 0.690618 0.068019 0.169185
0.000010 0.000010 0.000010 0.000010 0.000010 0.999930 0.000010 0.000010
0.000010 0.992457 0.000010 0.007483 0.000010 0.000010 0.000010 0.000010
0.626960 0.040435 0.000010 0.039714 0.061391 0.055737 0.007809 0.167944
0.000010 0.608885 0.001966 0.338091 0.000010 0.000010 0.051018 0.000010
0.537844 0.000010 0.000010 0.020490 0.059684 0.121546 0.000010 0.260407
0.000010 0.000010 0.964402 0.000015 0.000010 0.035533 0.000010 0.000010
0.000010 0.184195 0.021450 0.794305 0.000010 0.000010 0.000010 0.000010
0.000010 0.690002 0.000010 0.191219 0.000010 0.000010 0.039588 0.079151
0.000010 0.104476 0.000010 0.895464 0.000010 0.000010 0.000010 0.000010
0.000010 0.082776 0.082082 0.124473 0.004276 0.372645 0.139350 0.194388
0.999930 0.000010 0.000010 0.000010 0.000010 0.000010 0.000010 0.000010
0.000010 0.000010 0.000010 0.999930 0.000010 0.000010 0.000010 0.000010
0.013264 0.485265 0.039376 0.383806 0.000010 0.000010 0.024106 0.054163
0.000010 0.000010 0.000010 0.000013 0.000010 0.999927 0.000010 0.000010
0.000010 0.000010 0.000010 0.000010 0.000010 0.999930 0.000010 0.000010
0.000010 0.289802 0.021555 0.160645 0.000010 0.423214 0.078218 0.026547
0.000010 0.000010 0.000010 0.000011 0.000010 0.000010 0.999929 0.000010
0.000010 0.000010 0.048054 0.917773 0.000010 0.000010 0.034123 0.000010
0.000010 0.000010 0.002021 0.000010 0.000010 0.177491 0.103823 0.716624
0.000010 0.000010 0.838595 0.121229 0.000010 0.000015 0.000010 0.040121
0.000010 0.000010 0.000010 0.999930 0.000010 0.000010 0.000010 0.000010
0.000010 0.000010 0.000010 0.999930 0.000010 0.000010 0.000010 0.000010
0.524726 0.019479 0.000010 0.047676 0.055898 0.123706 0.000010 0.228495
0.000010 0.048571 0.060165 0.074075 0.000010 0.668577 0.148582 0.000010
0.038563 0.088499 0.017444 0.074901 0.000010 0.154107 0.000010 0.626465
0.000018 0.000010 0.000016 0.000013 0.999910 0.000012 0.000011 0.000010
0.000010 0.000010 0.000010 0.118897 0.000010 0.000010 0.000010 0.881043
0.000010 0.000010 0.000010 0.999930 0.000010 0.000010 0.000010 0.000010
0.000010 0.000010 0.117347 0.222049 0.000010 0.612421 0.048143 0.000010
0.999930 0.000010 0.000010 0.000010 0.000010 0.000010 0.000010 0.000010
0.000010 0.069415 0.000010 0.024923 0.000010 0.000010 0.000010 0.905613
0.000010 0.132170 0.000010 0.867770 0.000010 0.000010 0.000010 0.000010
0.000018 0.000010 0.000017 0.000010 0.999914 0.000010 0.000010 0.000010
0.000010 0.000010 0.099331 0.193675 0.000010 0.623117 0.072811 0.011037
0.000010 0.011568 0.000010 0.988372 0.000010 0.000010 0.000010 0.000010
0.000010 0.139868 0.000010 0.860072 0.000010 0.000010 0.000010 0.000010
0.000010 0.082772 0.027226 0.000010 0.000010 0.156825 0.049337 0.683810
0.656429 0.157287 0.000010 0.023225 0.005764 0.000010 0.000010 0.157265
0.000010 0.119763 0.079847 0.075207 0.000010 0.677904 0.000010 0.047248
0.655060 0.000010 0.000010 0.043908 0.021205 0.018135 0.000010 0.261662
0.999930 0.000010 0.000010 0.000010 0.000010 0.000010 0.000010 0.000010
0.000010 0.000010 0.999930 0.000010 0.000010 0.000010 0.000010 0.000010
0.000010 0.000010 0.000010 0.000010 0.999926 0.000014 0.000010 0.000010
0.000010 0.000010 0.000014 0.907575 0.000010 0.092358 0.000013 0.000010
0.000010 0.000010 0.000010 0.000010 0.000010 0.000010 0.999930 0.000010
0.000010 0.161841 0.047140 0.632486 0.000010 0.000010 0.029452 0.129052
0.000010 0.002221 0.000010 0.154971 0.000010 0.798833 0.043935 0.000010
0.000010 0.000010 0.023549 0.950251 0.000010 0.024474 0.001686 0.000010
0.000010 0.399497 0.000010 0.451811 0.000010 0.040571 0.025723 0.082367
0.000010 0.000010 0.000010 0.000013 0.999927 0.000010 0.000010 0.000010
0.000010 0.000010 0.072159 0.000010 0.000010 0.124277 0.023607 0.779917
0.000010 0.017451 0.027559 0.000010 0.000010 0.049113 0.905838 0.000010
0.577358 0.000010 0.000010 0.098485 0.052919 0.029267 0.000010 0.241940
0.000010 0.000010 0.999930 0.000010 0.000010 0.000010 0.000010 0.000010
0.000010 0.000010 0.000010 0.920882 0.000010 0.079051 0.000017 0.000010
0.000011 0.560626 0.053195 0.361617 0.000010 0.000608 0.023922 0.000010
0.000010 0.999930 0.000010 0.000010 0.000010 0.000010 0.000010 0.000010
0.000010 0.000010 0.103812 0.201414 0.000010 0.552005 0.027340 0.115399
0.000010 0.000010 0.000010 0.999930 0.000010 0.000010 0.000010 0.000010
0.000010 0.000010 0.000010 0.999930 0.000010 0.000010 0.000010 0.000010
0.000010 0.030725 0.040312 0.000010 0.000010 0.799211 0.096940 0.032782
0.000010 0.000010 0.000010 0.000010 0.000010 0.999930 0.000010 0.000010
0.000010 0.000010 0.000010 0.000010 0.000010 0.269411 0.000010 0.730529
0.000010 0.081021 0.000010 0.000010 0.000010 0.918911 0.000018 0.000010
0.000010 0.046227 0.112268 0.000010 0.000010 0.686023 0.155443 0.000010
0.000010 0.129263 0.000010 0.000010 0.000010 0.822841 0.032087 0.015768
0.000010 0.458075 0.048478 0.482981 0.000010 0.000010 0.010426 0.000010
0.027198 0.107224 0.123151 0.250691 0.000010 0.395126 0.024067 0.072534
0.000010 0.035227 0.121319 0.051865 0.000010 0.633433 0.042010 0.116126
0.000019 0.233268 0.005716 0.136749 0.000010 0.572445 0.043684 0.008110
0.000010 0.122557 0.051931 0.000010 0.000010 0.000010 0.054265 0.771207
0.000010 0.000010 0.000010 0.005644 0.000010 0.000010 0.000010 0.994296
0.000010 0.000018 0.999922 0.000010 0.000010 0.000010 0.000010 0.000010
0.971887 0.000010 0.000010 0.028053 0.000010 0.000010 0.000010 0.000010
0.999930 0.000010 0.000010 0.000010 0.000010 0.000010 0.000010 0.000010
0.000010 0.103074 0.051299 0.744491 0.000010 0.000010 0.071499 0.029607
0.000010 0.011739 0.000010 0.000010 0.000010 0.000010 0.988201 0.000010
0.000010 0.000010 0.000010 0.000010 0.000010 0.000010 0.000010 0.999930
0.000010 0.000010 0.000010 0.000010 0.999930 0.000010 0.000010 0.000010
0.563913 0.000010 0.000010 0.100921 0.075857 0.058101 0.000010 0.201179
0.000010 0.155673 0.000010 0.000010 0.000010 0.316004 0.000010 0.528273
0.542268 0.148654 0.000010 0.000010 0.082302 0.000010 0.000551 0.226194
0.000010 0.000010 0.000010 0.000010 0.000010 0.000010 0.000010 0.999930
0.000010 0.000015 0.000010 0.936376 0.000010 0.000010 0.063559 0.000010
0.000010 0.077402 0.087189 0.790216 0.000010 0.000010 0.039898 0.005265
0.000010 0.000010 0.000010 0.000010 0.000010 0.000010 0.999930 0.000010
0.000010 0.036272 0.037441 0.000010 0.000010 0.678825 0.089004 0.158428
0.999930 0.000010 0.000010 0.000010 0.000010 0.000010 0.000010 0.000010
0.567826 0.037647 0.000010 0.011639 0.047141 0.068382 0.000010 0.267347
0.000010 0.999930 0.000010 0.000010 0.000010 0.000010 0.000010 0.000010
0.000010 0.000012 0.000010 0.000010 0.000010 0.000010 0.999928 0.000010
0.000010 0.000010 0.000016 0.081842 0.000010 0.885276 0.030610 0.002225
0.000010 0.000013 0.000010 0.000010 0.000010 0.086075 0.913862 0.000010
0.000010 0.000010 0.000010 0.999930 0.000010 0.000010 0.000010 0.000010
0.000010 0.000010 0.000010 0.999930 0.000010 0.000010 0.000010 0.000010
0.000010 0.021890 0.033425 0.167112 0.000010 0.599528 0.068925 0.109100
0.000010 0.017338 0.982601 0.000010 0.000010 0.000010 0.000011 0.000010
0.000010 0.000010 0.000010 0.000010 0.000010 0.959037 0.036412 0.004501
0.000010 0.022695 0.008331 0.180307 0.000010 0.000010 0.000010 0.788627
0.000011 0.000010 0.999929 0.000010 0.000010 0.000010 0.000010 0.000010
0.000010 0.033106 0.000010 0.962154 0.000010 0.004689 0.000010 0.000010
0.000010 0.669917 0.057474 0.124019 0.000010 0.148549 0.000010 0.000010
0.000010 0.000010 0.000010 0.000010 0.000010 0.000010 0.000010 0.999930
0.000010 0.000010 0.000010 0.000010 0.000010 0.000010 0.000010 0.999930
0.000010 0.000010 0.000010 0.000010 0.000010 0.206773 0.793167 0.000010
0.000010 0.140557 0.000010 0.859383 0.000010 0.000010 0.000010 0.000010
0.999930 0.000010 0.000010 0.000010 0.000010 0.000010 0.000010 0.000010
0.000010 0.075512 0.000010 0.924428 0.000010 0.000010 0.000010 0.000010
0.660719 0.053299 0.021957 0.000010 0.061430 0.068467 0.000010 0.134108
0.000010 0.177965 0.000010 0.000010 0.000010 0.368294 0.000010 0.453691
0.000010 0.000010 0.000010 0.000010 0.000010 0.999930 0.000010 0.000010
0.015549 0.069982 0.000010 0.155627 0.000010 0.108558 0.043269 0.606996
0.000010 0.038911 0.000010 0.000010 0.000010 0.894092 0.066947 0.000010
0.000010 0.000010 0.000010 0.000011 0.000010 0.000010 0.999929 0.000010
0.000010 0.000010 0.999930 0.000010 0.000010 0.000010 0.000010 0.000010
0.000010 0.000010 0.000010 0.999930 0.000010 0.000010 0.000010 0.000010
0.000010 0.000010 0.000010 0.999930 0.000010 0.000010 0.000010 0.000010
0.023022 0.630679 0.000010 0.197445 0.000010 0.082022 0.000010 0.066801
0.000010 0.000010 0.000010 0.000010 0.000010 0.000010 0.016485 0.983455
0.000010 0.000010 0.000010 0.999930 0.000010 0.000010 0.000010 0.000010
0.000010 0.000010 0.000010 0.039081 0.000010 0.000010 0.042933 0.917936
0.000010 0.274642 0.122754 0.325536 0.000010 0.236084 0.040954 0.000010
0.999930 0.000010 0.000010 0.000010 0.000010 0.000010 0.000010 0.000010
0.000010 0.000010 0.000010 0.999930 0.000010 0.000010 0.000010 0.000010
0.000010 0.128884 0.020309 0.714858 0.000010 0.000010 0.081480 0.054439
0.000010 0.099118 0.000010 0.000010 0.000010 0.900822 0.000010 0.000010
0.999930 0.000010 0.000010 0.000010 0.000010 0.000010 0.000010 0.000010
0.000010 0.000010 0.000010 0.858900 0.000010 0.141040 0.000010 0.000010
0.000017 0.186783 0.034803 0.070745 0.000010 0.513553 0.065784 0.128306
0.000010 0.000010 0.999915 0.000010 0.000016 0.000019 0.000010 0.000010
0.000010 0.000010 0.000010 0.038842 0.000010 0.839934 0.121174 0.000010
0.999922 0.000010 0.000014 0.000010 0.000010 0.000010 0.000014 0.000010
0.000010 0.437811 0.019400 0.542739 0.000010 0.000010 0.000010 0.000010
0.000010 0.999930 0.000010 0.000010 0.000010 0.000010 0.000010 0.000010
0.000010 0.000010 0.999930 0.000010 0.000010 0.000010 0.000010 0.000010
0.000010 0.000010 0.999930 0.000010 0.000010 0.000010 0.000010 0.000010
0.000010 0.024449 0.062400 0.189904 0.000010 0.519046 0.155231 0.048950
0.000010 0.000010 0.000010 0.000010 0.969013 0.000017 0.000010 0.030921
0.041987 0.489277 0.016612 0.311705 0.000010 0.104001 0.019888 0.016520
0.000010 0.000010 0.000010 0.956191 0.000010 0.000010 0.000010 0.043749
0.000010 0.711586 0.095528 0.052259 0.000010 0.115656 0.024942 0.000010
0.055797 0.071502 0.030923 0.318621 0.000010 0.265944 0.027900 0.229303
0.000019 0.000010 0.000016 0.000010 0.999912 0.000012 0.000010 0.000010
0.000010 0.000010 0.000010 0.000010 0.000010 0.000010 0.999930 0.000010
0.684503 0.000010 0.000010 0.000010 0.037866 0.086759 0.000010 0.190832
0.000010 0.089730 0.135232 0.088084 0.000010 0.645028 0.041897 0.000010
0.000010 0.000010 0.000010 0.074050 0.000010 0.925890 0.000010 0.000010
0.999930 0.000010 0.000010 0.000010 0.000010 0.000010 0.000010 0.000010
0.000010 0.000010 0.000010 0.921939 0.000010 0.078001 0.000010 0.000010
0.999930 0.000010 0.000010 0.000010 0.000010 0.000010 0.000010 0.000010
0.000010 0.054962 0.031915 0.884206 0.000010 0.028876 0.000010 0.000010
0.000010 0.000010 0.000010 0.000010 0.999930 0.000010 0.000010 0.000010
0.000010 0.000010 0.132510 0.828035 0.000010 0.039405 0.000010 0.000010
0.000010 0.017124 0.000014 0.957823 0.000010 0.000010 0.000010 0.025000
0.000010 0.253906 0.027600 0.595557 0.000010 0.017401 0.005486 0.100031
0.000010 0.130877 0.000010 0.869063 0.000010 0.000010 0.000010 0.000010
0.000010 0.038704 0.000014 0.329448 0.000010 0.484232 0.043066 0.104516
0.000010 0.000010 0.000010 0.000010 0.000010 0.000010 0.999930 0.000010
0.000010 0.031931 0.002839 0.009084 0.000010 0.195840 0.013045 0.747241
0.000010 0.000015 0.999924 0.000010 0.000012 0.000010 0.000010 0.000010
0.000010 0.000010 0.000010 0.999930 0.000010 0.000010 0.000010 0.000010
0.000011 0.000010 0.999929 0.000010 0.000010 0.000010 0.000010 0.000010
0.000010 0.000010 0.000010 0.000010 0.999930 0.000010 0.000010 0.000010
0.000010 0.000010 0.999929 0.000010 0.000010 0.000010 0.000011 0.000010
0.000010 0.062702 0.000010 0.928438 0.000010 0.000013 0.000010 0.008808
0.000010 0.000010 0.026243 0.000010 0.000010 0.000010 0.033357 0.940350
0.000010 0.003876 0.071906 0.924168 0.000010 0.000010 0.000010 0.000010
0.000010 0.000010 0.000010 0.999930 0.000010 0.000010 0.000010 0.000010
0.000014 0.000015 0.000010 0.000010 0.999911 0.000010 0.000020 0.000010
0.000010 0.070292 0.072557 0.031229 0.000010 0.531032 0.049155 0.245715
0.000010 0.000010 0.993136 0.000010 0.000010 0.000010 0.006804 0.000010
0.000010 0.000010 0.000010 0.000010 0.000010 0.000010 0.000010 0.999930
0.000010 0.835011 0.020632 0.120575 0.000010 0.000010 0.023742 0.000010
0.000010 0.000010 0.000010 0.999930 0.000010 0.000010 0.000010 0.000010
0.000010 0.999930 0.000010 0.000010 0.000010 0.000010 0.000010 0.000010
0.000011 0.000010 0.999929 0.000010 0.000010 0.000010 0.000010 0.000010
0.000010 0.000010 0.000010 0.000010 0.000010 0.000010 0.000010 0.999930
0.000010 0.000010 0.000010 0.000010 0.999930 0.000010 0.000010 0.000010
0.000010 0.004338 0.000010 0.000010 0.000010 0.000010 0.022080 0.973532
0.999923 0.000010 0.000010 0.000010 0.000010 0.000010 0.000017 0.000010
0.000010 0.000010 0.000010 0.000018 0.000010 0.000010 0.999922 0.000010
0.000010 0.000010 0.018799 0.000010 0.000010 0.039481 0.941670 0.000010
0.000010 0.000010 0.000011 0.999929 0.000010 0.000010 0.000010 0.000010
0.000010 0.115244 0.048591 0.112461 0.000010 0.039576 0.077200 0.606910
0.000010 0.010518 0.062852 0.080467 0.000010 0.000010 0.000010 0.846123
0.000010 0.000010 0.000010 0.999930 0.000010 0.000010 0.000010 0.000010
0.000010 0.000011 0.999929 0.000010 0.000010 0.000010 0.000010 0.000010
0.000010 0.061818 0.019022 0.007111 0.000010 0.170818 0.741201 0.000010
0.574756 0.000010 0.005754 0.061633 0.062527 0.050491 0.000010 0.244819
0.000010 0.000010 0.000010 0.999930 0.000010 0.000010 0.000010 0.000010
0.000010 0.149478 0.050111 0.000010 0.000010 0.744749 0.055622 0.000010
0.000010 0.000010 0.000010 0.000010 0.000010 0.981273 0.018667 0.000010
0.000010 0.000010 0.110154 0.000011 0.000010 0.123129 0.000010 0.766666
0.000019 0.011564 0.948079 0.000010 0.000010 0.000010 0.040298 0.000010
0.000010 0.000010 0.045671 0.935823 0.000010 0.000010 0.018456 0.000010
0.000010 0.000010 0.019677 0.000010 0.000010 0.198385 0.020946 0.760952
0.000011 0.000010 0.000010 0.000010 0.000010 0.999929 0.000010 0.000010
0.000010 0.002165 0.039167 0.080801 0.000010 0.559488 0.024757 0.293602
0.000010 0.203992 0.000010 0.252993 0.000010 0.481414 0.021399 0.040173
0.000010 0.000010 0.009401 0.000010 0.000010 0.086745 0.000010 0.903805
0.000010 0.025321 0.000010 0.192341 0.000010 0.000010 0.000010 0.782288
0.000010 0.000010 0.037343 0.000010 0.000010 0.078619 0.000010 0.883988
0.000010 0.633954 0.098774 0.264798 0.000010 0.000010 0.002435 0.000010
0.000011 0.000010 0.000010 0.000010 0.000010 0.000010 0.999929 0.000010
0.000010 0.000010 0.000010 0.000010 0.000010 0.000010 0.000010 0.999930
0.000010 0.195288 0.000010 0.804652 0.000010 0.000010 0.000010 0.000010
0.000010 0.000010 0.051750 0.000010 0.000010 0.888637 0.059563 0.000010
0.000010 0.000010 0.930581 0.000010 0.000010 0.025760 0.043609 0.000010
0.000010 0.999930 0.000010 0.000010 0.000010 0.000010 0.000010 0.000010
0.000010 0.000010 0.975716 0.024223 0.000010 0.000010 0.000010 0.000010
0.006550 0.062748 0.109408 0.054153 0.027404 0.128707 0.010663 0.600367
0.000010 0.000010 0.000010 0.973519 0.000010 0.000010 0.000010 0.026421
0.000010 0.000010 0.999930 0.000010 0.000010 0.000010 0.000010 0.000010
0.000010 0.000010 0.000010 0.880031 0.000010 0.000010 0.119909 0.000010
0.695265 0.040817 0.000010 0.000010 0.085216 0.018200 0.014175 0.146307
0.000010 0.000016 0.999924 0.000010 0.000010 0.000010 0.000010 0.000010
0.000010 0.000010 0.000010 0.000010 0.000010 0.999930 0.000010 0.000010
0.000010 0.000010 0.042126 0.957814 0.000010 0.000010 0.000010 0.000010
0.000010 0.000010 0.977406 0.022534 0.000010 0.000010 0.000010 0.000010
0.000010 0.999930 0.000010 0.000010 0.000010 0.000010 0.000010 0.000010
0.000010 0.023714 0.140596 0.186099 0.000010 0.521541 0.107513 0.020517
0.000010 0.030875 0.031285 0.000010 0.000010 0.880432 0.057368 0.000010
0.071491 0.332653 0.029822 0.331285 0.000010 0.094577 0.019849 0.120313
0.000010 0.000010 0.000010 0.000010 0.000010 0.000010 0.000010 0.999930
0.000010 0.029426 0.015611 0.000010 0.944776 0.000010 0.010147 0.000010
0.000010 0.000010 0.999930 0.000010 0.000010 0.000010 0.000010 0.000010
0.034961 0.511406 0.099245 0.229116 0.000010 0.046746 0.071495 0.007020
0.000010 0.231485 0.062489 0.094879 0.000010 0.452181 0.024247 0.134699
0.000010 0.000010 0.000010 0.000010 0.000010 0.999930 0.000010 0.000010
0.000010 0.000010 0.000010 0.831611 0.000010 0.110316 0.021270 0.036763
0.000010 0.000010 0.029116 0.955786 0.000010 0.000010 0.015048 0.000010
0.000010 0.010249 0.035151 0.194616 0.000010 0.326836 0.081719 0.351410
0.712208 0.166514 0.000010 0.000010 0.000010 0.000010 0.000010 0.121228
0.000012 0.000010 0.000010 0.000010 0.999928 0.000010 0.000010 0.000010
0.000010 0.075069 0.000010 0.012986 0.000010 0.867245 0.044660 0.000010
0.000010 0.000010 0.000010 0.000010 0.000010 0.999930 0.000010 0.000010
0.999930 0.000010 0.000010 0.000010 0.000010 0.000010 0.000010 0.000010
0.923695 0.000010 0.000010 0.033760 0.000010 0.000010 0.000010 0.042496
0.000010 0.000010 0.000010 0.000010 0.000010 0.000010 0.999930 0.000010
0.000010 0.000010 0.000010 0.087763 0.000010 0.000010 0.000010 0.912177
0.055904 0.528458 0.000010 0.232789 0.000010 0.114323 0.017409 0.051098
0.000010 0.000010 0.999930 0.000010 0.000010 0.000010 0.000010 0.000010
0.000010 0.000010 0.000010 0.000010 0.000010 0.956183 0.043757 0.000010
0.025478 0.038746 0.009425 0.031766 0.000010 0.000010 0.065346 0.829220
0.000010 0.000010 0.000010 0.000010 0.000010 0.000010 0.999930 0.000010
0.000010 0.000010 0.999930 0.000010 0.000010 0.000010 0.000010 0.000010
0.000010 0.000010 0.999930 0.000010 0.000010 0.000010 0.000010 0.000010
0.000010 0.151816 0.000010 0.000010 0.000010 0.000010 0.000010 0.848124
0.000010 0.000010 0.999930 0.000010 0.000010 0.000010 0.000010 0.000010
0.000010 0.000010 0.000010 0.000010 0.000010 0.000010 0.999930 0.000010
0.000010 0.000010 0.000010 0.000010 0.000010 0.000010 0.000010 0.999930
0.000010 0.015758 0.110295 0.707176 0.000010 0.166731 0.000010 0.000010
0.000010 0.167939 0.129852 0.039294 0.000010 0.613538 0.041914 0.007443
0.000010 0.000010 0.000010 0.000010 0.999928 0.000010 0.000012 0.000010
0.000010 0.000010 0.000010 0.000010 0.000010 0.000010 0.999930 0.000010
0.000010 0.028133 0.000010 0.003944 0.000010 0.000010 0.967873 0.000010
0.999930 0.000010 0.000010 0.000010 0.000010 0.000010 0.000010 0.000010
0.000010 0.000010 0.020231 0.000010 0.000010 0.000010 0.023602 0.956117
0.000010 0.015745 0.000010 0.984195 0.000010 0.000010 0.000010 0.000010
0.999930 0.000010 0.000010 0.000010 0.000010 0.000010 0.000010 0.000010
0.000010 0.000010 0.000010 0.000010 0.000010 0.000010 0.999930 0.000010
0.000010 0.999930 0.000010 0.000010 0.000010 0.000010 0.000010 0.000010
0.000010 0.000010 0.000010 0.000012 0.999928 0.000010 0.000010 0.000010
0.934510 0.026989 0.000010 0.000010 0.000010 0.000010 0.038452 0.000010
0.000010 0.000010 0.046245 0.000010 0.000010 0.132510 0.821195 0.000010
0.000010 0.999930 0.000010 0.000010 0.000010 0.000010 0.000010 0.000010
0.000010 0.000010 0.061054 0.027124 0.000010 0.120687 0.009472 0.781632
0.000010 0.000013 0.000010 0.000010 0.000010 0.000010 0.999927 0.000010
0.999930 0.000010 0.000010 0.000010 0.000010 0.000010 0.000010 0.000010
0.000010 0.999930 0.000010 0.000010 0.000010 0.000010 0.000010 0.000010
0.000010 0.347626 0.026840 0.426273 0.000010 0.191214 0.008018 0.000010
0.000010 0.000010 0.000010 0.000010 0.000010 0.000010 0.000010 0.999930
0.999927 0.000010 0.000013 0.000010 0.000010 0.000010 0.000010 0.000010
0.000010 0.000010 0.999930 0.000010 0.000010 0.000010 0.000010 0.000010
0.000010 0.000010 0.000010 0.087438 0.000010 0.000010 0.000010 0.912502
0.000010 0.000010 0.000010 0.000010 0.999930 0.000010 0.000010 0.000010
0.000010 0.000010 0.000010 0.000010 0.000010 0.999930 0.000010 0.000010
0.656198 0.000010 0.000010 0.000010 0.036089 0.081343 0.000010 0.226331
0.966295 0.005106 0.000010 0.028548 0.000010 0.000010 0.000010 0.000010
0.000010 0.000010 0.000010 0.000010 0.000010 0.000010 0.999930 0.000010
