0.499357 0.425436 0.075207
0.512903 0.408429 0.078668
0.001134 0.511840 0.487026
0.000010 0.000010 0.999980
0.000010 0.000010 0.999980
0.000010 0.916081 0.083909
0.559737 0.430541 0.009722
0.000010 0.194280 0.805710
0.999980 0.000010 0.000010
0.000010 0.096885 0.903105
0.000010 0.938240 0.061750
0.000010 0.000010 0.999980
0.000014 0.999976 0.000010
0.684490 0.230393 0.085117
0.000010 0.000010 0.999980
0.999980 0.000010 0.000010
0.000010 0.763168 0.236822
0.000010 0.934758 0.065232
0.022871 0.569918 0.407211
0.083926 0.781191 0.134883
0.000010 0.000010 0.999980
0.000014 0.999976 0.000010
0.460703 0.539287 0.000010
0.000010 0.999980 0.000010
0.000010 0.246515 0.753475
0.000010 0.976451 0.023539
0.000010 0.965045 0.034945
0.039320 0.900757 0.059923
0.080122 0.795836 0.124042
0.000010 0.838284 0.161706
0.000010 0.999945 0.000045
0.748808 0.235315 0.015877
0.503464 0.439305 0.057231
0.555580 0.420204 0.024216
0.016321 0.893409 0.090270
0.101029 0.746092 0.152879
0.079870 0.803538 0.116592
0.000010 0.837905 0.162085
0.961179 0.000010 0.038811
0.741833 0.258157 0.000010
0.000010 0.000010 0.999980
0.026124 0.702085 0.271791
0.000010 0.000010 0.999980
0.000010 0.790284 0.209706
0.029627 0.696802 0.273571
0.000010 0.766473 0.233517
0.128545 0.810576 0.060879
0.667886 0.308361 0.023753
0.577277 0.418303 0.004420
0.000010 0.967428 0.032562
0.000010 0.798798 0.201192
0.000010 0.000010 0.999980
0.000010 0.999980 0.000010
0.000010 0.999980 0.000010
0.000010 0.256238 0.743752
0.117198 0.825726 0.057076
0.000010 0.999980 0.000010
0.000010 0.909775 0.090215
0.000010 0.000010 0.999980
0.000010 0.999980 0.000010
0.449576 0.462776 0.087649
0.000010 0.999980 0.000010
0.000010 0.999980 0.000010
0.000010 0.000010 0.999980
0.999980 0.000010 0.000010
0.999980 0.000010 0.000010
0.000010 0.767117 0.232873
0.155579 0.732520 0.111902
0.648641 0.271545 0.079814
0.000010 0.999980 0.000010
0.012668 0.593400 0.393932
0.000010 0.764026 0.235964
0.147559 0.798800 0.053641
0.000010 0.999980 0.000010
0.000010 0.682419 0.317571
0.000010 0.634456 0.365534
0.000010 0.999980 0.000010
0.000010 0.999980 0.000010
0.999980 0.000010 0.000010
0.000010 0.320452 0.679538
0.000010 0.837706 0.162284
0.000010 0.970521 0.029469
0.030192 0.850641 0.119167
0.000010 0.999980 0.000010
0.000010 0.000010 0.999980
0.000010 0.999980 0.000010
0.000010 0.988873 0.011117
0.000010 0.105527 0.894463
0.000010 0.000010 0.999980
0.003087 0.682929 0.313984
0.012681 0.786881 0.200438
0.035868 0.674022 0.290110
0.140925 0.810273 0.048802
0.000010 0.517709 0.482281
0.000010 0.842102 0.157888
0.009294 0.623305 0.367401
0.000010 0.000010 0.999980
0.000010 0.648897 0.351093
0.000010 0.000010 0.999980
0.000010 0.537585 0.462405
0.999980 0.000010 0.000010
0.000010 0.981963 0.018027
0.000010 0.000010 0.999980
0.000010 0.999980 0.000010
0.000010 0.930243 0.069747
0.131373 0.728575 0.140052
0.000010 0.000010 0.999980
0.005941 0.695823 0.298236
0.000010 0.811526 0.188464
0.000010 0.000010 0.999980
0.548013 0.380356 0.071631
0.000010 0.554351 0.445639
0.000010 0.836438 0.163552
0.000010 0.554519 0.445471
0.000010 0.658223 0.341767
0.000010 0.816506 0.183484
0.000010 0.000010 0.999980
0.000010 0.000010 0.999980
0.000010 0.966860 0.033130
0.000010 0.975548 0.024442
0.000010 0.916342 0.083648
0.693412 0.305004 0.001584
0.000010 0.918281 0.081709
0.000010 0.790940 0.209050
0.021170 0.557589 0.421240
0.000010 0.902691 0.097299
0.000010 0.999980 0.000010
0.000010 0.931112 0.068878
0.000010 0.651899 0.348091
0.000010 0.910297 0.089693
0.000010 0.999980 0.000010
0.000010 0.863585 0.136405
0.000010 0.999980 0.000010
0.028933 0.610375 0.360692
0.616793 0.342706 0.040502
0.000010 0.777343 0.222647
0.650595 0.290242 0.059163
0.000010 0.858473 0.141517
0.000019 0.999971 0.000010
0.000010 0.000010 0.999980
0.613659 0.298908 0.087433
0.000010 0.732102 0.267888
0.000010 0.604277 0.395713
0.000010 0.576089 0.423901
0.000010 0.000010 0.999980
0.000010 0.999980 0.000010
0.000010 0.999980 0.000010
0.013262 0.722282 0.264457
0.488216 0.505443 0.006340
0.000010 0.999980 0.000010
0.487816 0.433187 0.078997
0.000010 0.513988 0.486002
0.000010 0.000010 0.999980
0.000010 0.641199 0.358791
0.037800 0.824306 0.137893
0.000010 0.983267 0.016723
0.000010 0.651325 0.348665
0.000010 0.948222 0.051768
0.000010 0.704870 0.295120
0.637860 0.345754 0.016386
0.999980 0.000010 0.000010
0.000010 0.688325 0.311665
0.000010 0.999980 0.000010
0.432516 0.531158 0.036326
0.000010 0.998326 0.001664
0.000010 0.346295 0.653695
0.000010 0.000010 0.999980
0.054274 0.611350 0.334376
0.000010 0.783140 0.216850
0.000010 0.999980 0.000010
0.486440 0.493838 0.019722
0.000010 0.940650 0.059340
0.437055 0.542421 0.020525
0.000010 0.000010 0.999980
0.000010 0.988019 0.011971
0.000010 0.961287 0.038703
0.000010 0.999980 0.000010
0.039433 0.624374 0.336193
0.734877 0.216000 0.049123
0.000010 0.999980 0.000010
0.000010 0.930853 0.069137
0.000010 0.867543 0.132447
0.000010 0.857612 0.142378
0.000010 0.801798 0.198192
0.000010 0.183091 0.816899
0.000010 0.912244 0.087746
0.020948 0.754078 0.224974
0.000010 0.125276 0.874714
0.000010 0.999980 0.000010
0.000010 0.994711 0.005279
0.408143 0.553233 0.038624
0.000010 0.636867 0.363123
0.130729 0.740048 0.129222
0.999980 0.000010 0.000010
0.101996 0.809322 0.088683
0.000010 0.999980 0.000010
0.000010 0.631883 0.368107
0.745957 0.234480 0.019564
0.111566 0.816294 0.072141
0.000010 0.999980 0.000010
0.999980 0.000010 0.000010
0.000010 0.636973 0.363017
0.000010 0.999980 0.000010
0.000018 0.999972 0.000010
0.085977 0.703028 0.210994
0.437631 0.562359 0.000010
0.037983 0.654201 0.307816
0.450739 0.485648 0.063613
0.715685 0.284305 0.000010
0.000010 0.000010 0.999980
0.999980 0.000010 0.000010
0.000010 0.993140 0.006850
0.000010 0.331141 0.668849
0.000010 0.921932 0.078058
0.000010 0.731861 0.268129
0.000010 0.979352 0.020638
0.000010 0.957073 0.042917
0.999980 0.000010 0.000010
0.010117 0.769004 0.220879
0.000010 0.324735 0.675255
0.455619 0.544371 0.000010
0.000010 0.000010 0.999980
0.000010 0.999980 0.000010
0.000010 0.923528 0.076462
0.000010 0.999980 0.000010
0.000010 0.682173 0.317817
0.000010 0.999980 0.000010
0.000010 0.999980 0.000010
0.044188 0.565553 0.390259
0.000010 0.868802 0.131188
0.012615 0.782754 0.204631
0.000010 0.695214 0.304776
0.009599 0.545524 0.444877
0.029813 0.695868 0.274320
0.000010 0.914775 0.085215
0.034273 0.656647 0.309080
0.020947 0.541059 0.437994
0.021416 0.750460 0.228124
0.118299 0.679351 0.202350
0.152807 0.779140 0.068052
0.000010 0.000010 0.999980
0.548650 0.451340 0.000010
0.662428 0.337562 0.000010
0.000010 0.910097 0.089893
0.000010 0.323198 0.676792
0.000010 0.825121 0.174869
0.999980 0.000010 0.000010
0.474322 0.484374 0.041304
0.000010 0.771152 0.228838
0.479772 0.504455 0.015773
0.000010 0.885624 0.114366
0.000010 0.999980 0.000010
0.000010 0.889013 0.110977
0.000010 0.109230 0.890760
0.061038 0.588622 0.350340
0.656069 0.279939 0.063992
0.441389 0.498149 0.060463
0.000010 0.999980 0.000010
0.000010 0.290376 0.709614
0.000010 0.744185 0.255805
0.000010 0.356081 0.643909
0.000010 0.999980 0.000010
0.000010 0.999980 0.000010
0.006238 0.700405 0.293356
0.000010 0.000010 0.999980
0.023662 0.733108 0.243230
0.094833 0.819947 0.085219
0.000010 0.000010 0.999980
0.000010 0.999980 0.000010
0.000010 0.803554 0.196436
0.000010 0.916116 0.083874
0.000010 0.894891 0.105099
0.000010 0.339664 0.660326
0.000011 0.999979 0.000010
0.727834 0.191320 0.080846
0.000010 0.999980 0.000010
0.518676 0.405441 0.075883
0.002488 0.880487 0.117025
0.000010 0.731137 0.268853
0.079224 0.798795 0.121981
0.000010 0.695739 0.304251
0.000010 0.260422 0.739568
0.000010 0.000010 0.999980
0.000010 0.999980 0.000010
0.000010 0.999980 0.000010
0.029724 0.927288 0.042988
0.011972 0.845686 0.142342
0.000010 0.999980 0.000010
0.144416 0.756666 0.098918
0.000010 0.733512 0.266478
0.628225 0.368789 0.002986
0.000010 0.999980 0.000010
0.000010 0.931075 0.068915
0.000010 0.552068 0.447922
0.723534 0.227032 0.049434
0.000010 0.985935 0.014055
0.034996 0.712956 0.252047
0.000010 0.000010 0.999980
0.022585 0.634236 0.343178
0.629960 0.370030 0.000010
0.000010 0.997046 0.002944
0.000010 0.999980 0.000010
0.000010 0.000010 0.999980
0.000010 0.000010 0.999980
0.000010 0.673046 0.326944
0.999980 0.000010 0.000010
0.037861 0.890624 0.071515
0.000010 0.999980 0.000010
0.000010 0.784577 0.215413
0.036204 0.802770 0.161026
0.999980 0.000010 0.000010
0.000010 0.137480 0.862510
0.510915 0.466195 0.022890
0.000010 0.587158 0.412832
0.022965 0.766946 0.210089
0.764231 0.226551 0.009218
0.000010 0.999980 0.000010
0.696288 0.303702 0.000010
0.000010 0.929776 0.070214
0.999980 0.000010 0.000010
0.000010 0.829683 0.170307
0.000010 0.999980 0.000010
0.000010 0.955935 0.044055
0.000010 0.999980 0.000010
0.000010 0.782747 0.217243
0.000010 0.170401 0.829589
0.101752 0.726935 0.171313
0.000010 0.000010 0.999980
0.000010 0.999980 0.000010
0.000010 0.000010 0.999980
0.999980 0.000010 0.000010
0.000010 0.000010 0.999980
0.000010 0.999980 0.000010
0.012928 0.789528 0.197544
0.000010 0.951129 0.048861
0.000010 0.999980 0.000010
0.999980 0.000010 0.000010
0.052091 0.647670 0.300239
0.000010 0.000010 0.999980
0.093705 0.814054 0.092241
0.000010 0.943704 0.056286
0.000010 0.999980 0.000010
0.000010 0.943828 0.056162
0.000010 0.000010 0.999980
0.142102 0.742408 0.115490
0.999980 0.000010 0.000010
0.132799 0.708262 0.158940
0.627113 0.372877 0.000010
0.000010 0.014659 0.985331
0.000010 0.269938 0.730052
0.000010 0.993954 0.006036
0.084041 0.726992 0.188967
0.115512 0.723743 0.160745
0.000010 0.999980 0.000010
0.000010 0.000010 0.999980
0.000010 0.435453 0.564537
0.467931 0.476074 0.055995
0.000010 0.999980 0.000010
0.000010 0.650499 0.349491
0.000010 0.668228 0.331762
0.000010 0.720009 0.279981
0.000010 0.000010 0.999980
0.000010 0.919844 0.080146
0.054508 0.743321 0.202171
0.000010 0.796190 0.203800
0.044507 0.681551 0.273942
0.000010 0.859435 0.140555
0.106072 0.729285 0.164643
0.109036 0.790236 0.100728
0.000010 0.820208 0.179782
0.000010 0.862423 0.137567
0.000010 0.184328 0.815662
0.026434 0.854252 0.119314
0.000010 0.999980 0.000010
0.005941 0.534900 0.459159
0.000010 0.000010 0.999980
0.000010 0.999980 0.000010
0.000010 0.000010 0.999980
0.097660 0.664630 0.237710
0.000010 0.999980 0.000010
0.000010 0.000010 0.999980
0.000010 0.954766 0.045224
0.601631 0.325192 0.073177
0.000010 0.000010 0.999980
0.000010 0.821308 0.178682
0.000010 0.984073 0.015917
0.000010 0.000010 0.999980
0.000010 0.967245 0.032745
0.000010 0.660834 0.339156
0.007886 0.553811 0.438303
0.054729 0.853174 0.092097
0.000010 0.919233 0.080757
0.961236 0.000010 0.038754
0.000010 0.000010 0.999980
0.016678 0.812272 0.171050
0.004609 0.755719 0.239672
0.000010 0.455434 0.544556
0.000010 0.988189 0.011801
0.000010 0.965913 0.034077
0.035665 0.728248 0.236087
0.459763 0.540227 0.000010
0.999980 0.000010 0.000010
0.014052 0.723749 0.262199
0.000010 0.812050 0.187940
0.641022 0.310460 0.048518
0.549252 0.439479 0.011269
0.000010 0.281759 0.718231
0.167436 0.776208 0.056355
0.069781 0.863831 0.066388
0.000010 0.000010 0.999980
0.000010 0.524576 0.475414
0.125890 0.746897 0.127212
0.000010 0.107305 0.892685
0.000010 0.000010 0.999980
0.000010 0.000010 0.999980
0.138419 0.798499 0.063083
0.000010 0.000010 0.999980
0.000010 0.230172 0.769818
0.000010 0.921474 0.078516
0.000010 0.813270 0.186720
0.005818 0.583936 0.410246
0.999980 0.000010 0.000010
0.000010 0.298690 0.701300
0.000010 0.349628 0.650362
0.689785 0.270934 0.039281
0.114641 0.699059 0.186299
0.000010 0.999980 0.000010
0.615210 0.384780 0.000010
0.000010 0.000010 0.999980
0.000010 0.999980 0.000010
0.999980 0.000010 0.000010
0.582279 0.368826 0.048894
0.000010 0.297038 0.702952
0.000010 0.999980 0.000010
0.073353 0.733390 0.193257
0.000010 0.156140 0.843850
0.579655 0.420335 0.000010
0.000010 0.999980 0.000010
0.000010 0.910406 0.089584
0.018390 0.882829 0.098781
0.588543 0.406728 0.004730
0.000010 0.000010 0.999980
0.104181 0.792835 0.102984
0.999980 0.000010 0.000010
0.000010 0.455973 0.544017
0.488652 0.489606 0.021742
0.545967 0.450624 0.003408
0.000010 0.158029 0.841961
