0.000010 0.000010 0.645075 0.059543 0.022689 0.203414 0.069259
0.000363 0.041733 0.655480 0.079055 0.006003 0.211815 0.005550
0.470858 0.192339 0.000010 0.000010 0.116837 0.219936 0.000010
0.000010 0.000010 0.000016 0.000010 0.999934 0.000010 0.000010
0.000010 0.000010 0.000010 0.000010 0.999940 0.000010 0.000010
0.369734 0.069049 0.018653 0.000010 0.010562 0.029722 0.502270
0.000010 0.000010 0.999940 0.000010 0.000010 0.000010 0.000010
0.000017 0.999933 0.000010 0.000010 0.000010 0.000010 0.000010
0.000010 0.000010 0.000010 0.999940 0.000010 0.000010 0.000010
0.000010 0.999940 0.000010 0.000010 0.000010 0.000010 0.000010
0.000010 0.052568 0.000010 0.000010 0.025221 0.000010 0.922170
0.000010 0.000010 0.000010 0.000010 0.999940 0.000010 0.000010
0.151612 0.000010 0.000010 0.000010 0.000010 0.000010 0.848338
0.000010 0.000010 0.999940 0.000010 0.000010 0.000010 0.000010
0.000010 0.000010 0.000010 0.000010 0.978021 0.000010 0.021929
0.000010 0.000010 0.000010 0.999940 0.000010 0.000010 0.000010
0.102326 0.134908 0.000010 0.000010 0.000010 0.679030 0.083706
0.242367 0.036115 0.000010 0.000010 0.019124 0.000010 0.702365
0.276418 0.123524 0.000010 0.000010 0.177337 0.320754 0.101947
0.162442 0.102600 0.082362 0.022816 0.016721 0.183511 0.429548
0.000010 0.000010 0.000010 0.000010 0.999940 0.000010 0.000010
0.115992 0.000010 0.000010 0.000010 0.000010 0.000010 0.883958
0.265688 0.000010 0.515627 0.105056 0.000010 0.113598 0.000010
0.780346 0.000010 0.000010 0.000010 0.000010 0.000010 0.219604
0.000010 0.999940 0.000010 0.000010 0.000010 0.000010 0.000010
0.999937 0.000010 0.000010 0.000010 0.000010 0.000013 0.000010
0.070080 0.065857 0.000010 0.000010 0.000010 0.047343 0.816690
0.485819 0.042704 0.045031 0.010785 0.000010 0.034427 0.381224
0.000010 0.018132 0.038735 0.000010 0.008580 0.697891 0.236643
0.000010 0.000010 0.000010 0.000010 0.000010 0.999940 0.000010
0.000010 0.000010 0.000010 0.000010 0.029713 0.000010 0.970237
0.000010 0.000010 0.999940 0.000010 0.000010 0.000010 0.000010
0.022934 0.014803 0.614477 0.073891 0.009381 0.183488 0.081026
0.024003 0.000010 0.679141 0.075250 0.000010 0.185162 0.036425
0.332193 0.016739 0.020653 0.000010 0.029299 0.184471 0.416634
0.000010 0.012409 0.014389 0.000010 0.022472 0.842778 0.107932
0.000010 0.000010 0.048275 0.000010 0.000010 0.832276 0.119409
0.999940 0.000010 0.000010 0.000010 0.000010 0.000010 0.000010
0.000010 0.002553 0.000010 0.919944 0.049380 0.000010 0.028094
0.000010 0.000010 0.999940 0.000010 0.000010 0.000010 0.000010
0.000010 0.000010 0.000010 0.000010 0.999940 0.000010 0.000010
0.101656 0.076596 0.000010 0.000010 0.129528 0.508358 0.183843
0.000010 0.000010 0.000010 0.000010 0.999940 0.000010 0.000010
0.042128 0.069269 0.000010 0.000010 0.050221 0.788649 0.049713
0.180325 0.152289 0.000010 0.000010 0.056326 0.555687 0.055354
0.009429 0.047454 0.000010 0.000010 0.013855 0.929232 0.000010
0.000010 0.000010 0.024475 0.009946 0.000010 0.799196 0.166353
0.000010 0.000010 0.999926 0.000010 0.000015 0.000019 0.000010
0.053275 0.000010 0.896852 0.000010 0.000010 0.000010 0.049833
0.000010 0.000010 0.000010 0.000010 0.035213 0.000010 0.964737
0.607894 0.008348 0.000010 0.000010 0.077088 0.000010 0.306640
0.000010 0.000010 0.000010 0.000010 0.999940 0.000010 0.000010
0.000010 0.000010 0.000010 0.000010 0.000010 0.000010 0.999940
0.115111 0.000010 0.000010 0.000010 0.000010 0.000010 0.884839
0.000010 0.999939 0.000010 0.000010 0.000011 0.000010 0.000010
0.000010 0.000010 0.022709 0.000010 0.000010 0.943436 0.033815
0.000010 0.000010 0.000010 0.000010 0.000010 0.000010 0.999940
0.000010 0.000010 0.000010 0.000010 0.000010 0.999940 0.000010
0.000010 0.000010 0.000010 0.000010 0.999940 0.000010 0.000010
0.000010 0.000010 0.000010 0.000010 0.000010 0.000010 0.999940
0.000010 0.026009 0.527088 0.074269 0.000010 0.310968 0.061645
0.000010 0.000010 0.000010 0.000010 0.000010 0.000010 0.999940
0.000010 0.001975 0.000010 0.000010 0.000010 0.037157 0.960828
0.000010 0.999940 0.000010 0.000010 0.000010 0.000010 0.000010
0.000010 0.000010 0.000010 0.999940 0.000010 0.000010 0.000010
0.000010 0.000010 0.000010 0.999940 0.000010 0.000010 0.000010
0.347547 0.059298 0.000010 0.000010 0.090347 0.036887 0.465901
0.000010 0.021100 0.080428 0.000010 0.014587 0.765257 0.118608
0.000010 0.014009 0.985941 0.000010 0.000010 0.000010 0.000010
0.000010 0.000010 0.000010 0.000010 0.000010 0.097771 0.902179
0.435432 0.117379 0.000010 0.000010 0.155317 0.152789 0.139062
0.279280 0.072957 0.000010 0.000010 0.006951 0.640783 0.000010
0.000010 0.000010 0.014144 0.000010 0.000010 0.950127 0.035690
0.168670 0.000010 0.000010 0.000010 0.000010 0.000010 0.831280
0.130584 0.111925 0.000010 0.000010 0.070041 0.687420 0.000010
0.281253 0.203970 0.000010 0.000010 0.039234 0.475512 0.000010
0.144948 0.036837 0.000010 0.000010 0.000010 0.000010 0.818175
0.063286 0.000010 0.000010 0.000010 0.000010 0.000010 0.936664
0.000010 0.000015 0.000010 0.999935 0.000010 0.000010 0.000010
0.000010 0.953358 0.000010 0.000010 0.014610 0.000010 0.031992
0.000010 0.000010 0.000010 0.000010 0.000010 0.999940 0.000010
0.212241 0.042484 0.000010 0.000010 0.000010 0.000010 0.745235
0.349693 0.000010 0.000010 0.000010 0.000010 0.650257 0.000010
0.045067 0.020351 0.000010 0.000010 0.000010 0.142668 0.791884
0.000010 0.000010 0.000010 0.000010 0.999940 0.000010 0.000010
0.022313 0.013730 0.000012 0.000010 0.000010 0.000010 0.963915
0.021061 0.000010 0.000010 0.000010 0.035447 0.000010 0.943452
0.000010 0.999940 0.000010 0.000010 0.000010 0.000010 0.000010
0.018850 0.020166 0.000010 0.000010 0.960944 0.000010 0.000010
0.216410 0.104944 0.000010 0.002410 0.121614 0.327150 0.227462
0.000010 0.052801 0.000010 0.000010 0.035540 0.911619 0.000010
0.190708 0.107651 0.015102 0.017436 0.155858 0.203108 0.310136
0.000010 0.000010 0.051718 0.000010 0.000010 0.899295 0.048947
0.791990 0.165276 0.000010 0.000010 0.042694 0.000010 0.000010
0.988406 0.000010 0.000010 0.000010 0.000010 0.000010 0.011544
0.277134 0.092083 0.007694 0.000010 0.161674 0.335092 0.126313
0.000010 0.000010 0.000010 0.000010 0.999940 0.000010 0.000010
0.130481 0.110978 0.000010 0.000010 0.095408 0.663103 0.000010
0.000010 0.999938 0.000012 0.000010 0.000010 0.000010 0.000010
0.000010 0.717527 0.000010 0.000010 0.000010 0.261341 0.021092
0.000010 0.000010 0.000010 0.999940 0.000010 0.000010 0.000010
0.675997 0.000010 0.000010 0.000010 0.000010 0.000010 0.323953
0.000010 0.000010 0.000010 0.000010 0.999940 0.000010 0.000010
0.000010 0.000010 0.000010 0.000010 0.000010 0.053847 0.946103
0.830429 0.030603 0.000010 0.000010 0.000010 0.000010 0.138927
0.074343 0.051534 0.075363 0.000010 0.004754 0.661294 0.132703
0.000010 0.000010 0.000010 0.000010 0.999940 0.000010 0.000010
0.138012 0.126073 0.000010 0.000010 0.094848 0.484935 0.156112
0.153044 0.033908 0.000010 0.000010 0.068319 0.358423 0.386286
0.000010 0.000017 0.000010 0.000010 0.999933 0.000010 0.000010
0.004338 0.039722 0.624914 0.096815 0.000010 0.234191 0.000010
0.399539 0.094683 0.000010 0.000010 0.154459 0.351289 0.000010
0.728869 0.091230 0.000010 0.000010 0.047342 0.000010 0.132528
0.344144 0.152082 0.000010 0.000010 0.214708 0.270469 0.018576
0.251592 0.116493 0.000010 0.000010 0.098713 0.533172 0.000010
0.000010 0.000010 0.000010 0.000010 0.018209 0.981741 0.000010
0.000010 0.000010 0.000010 0.000010 0.999940 0.000010 0.000010
0.000010 0.000010 0.000010 0.000010 0.999940 0.000010 0.000010
0.000010 0.060773 0.000010 0.000010 0.000010 0.000010 0.939177
0.000010 0.065435 0.000010 0.000010 0.000010 0.000010 0.934515
0.631803 0.065379 0.000010 0.000010 0.019893 0.000010 0.282895
0.000010 0.000010 0.999940 0.000010 0.000010 0.000010 0.000010
0.096118 0.078372 0.000010 0.000010 0.043881 0.000010 0.781599
0.205517 0.015789 0.000010 0.000010 0.115210 0.053141 0.610324
0.364065 0.078613 0.000010 0.000010 0.188087 0.369206 0.000010
0.000010 0.101103 0.000010 0.000010 0.017726 0.000010 0.881131
0.000010 0.000010 0.000010 0.000010 0.000010 0.000010 0.999940
0.000010 0.021193 0.000010 0.000010 0.049558 0.000010 0.929208
0.142228 0.140853 0.000010 0.000010 0.088376 0.628513 0.000010
0.248305 0.014845 0.000010 0.000010 0.061165 0.000010 0.675655
0.000010 0.000010 0.000010 0.000010 0.000010 0.000010 0.999940
0.000010 0.000010 0.000010 0.000010 0.000010 0.999940 0.000010
0.000010 0.000010 0.000010 0.000010 0.000010 0.077644 0.922306
0.160521 0.155984 0.000010 0.000010 0.101680 0.581784 0.000010
0.030484 0.031290 0.938186 0.000010 0.000010 0.000010 0.000010
0.235578 0.063805 0.032545 0.000010 0.038555 0.361308 0.268198
0.000010 0.000010 0.999937 0.000010 0.000012 0.000011 0.000010
0.031804 0.000010 0.000010 0.000010 0.114101 0.000010 0.854056
0.000010 0.000010 0.000011 0.000010 0.000010 0.000010 0.999939
0.003149 0.052719 0.000010 0.000010 0.944092 0.000010 0.000010
0.000010 0.000010 0.996326 0.000010 0.003624 0.000010 0.000010
0.010758 0.000010 0.000010 0.000010 0.137779 0.851423 0.000010
0.101200 0.158481 0.000010 0.000010 0.170037 0.490471 0.079790
0.304543 0.108673 0.000010 0.000010 0.184379 0.398991 0.003394
0.000010 0.000010 0.000010 0.000010 0.973557 0.000010 0.026393
0.171634 0.000130 0.000010 0.000010 0.000010 0.000010 0.828196
0.000010 0.000010 0.000010 0.000010 0.000010 0.000010 0.999940
0.134360 0.108785 0.000010 0.000010 0.066018 0.632030 0.058787
0.158112 0.000010 0.742624 0.008278 0.000010 0.065164 0.025803
0.000010 0.000010 0.000010 0.000010 0.000010 0.000010 0.999940
0.063873 0.032149 0.595105 0.083441 0.013824 0.171385 0.040223
0.336971 0.151909 0.000010 0.000010 0.168381 0.342709 0.000010
0.000010 0.000010 0.000010 0.000011 0.999939 0.000010 0.000010
0.051589 0.135335 0.000010 0.000010 0.134386 0.510349 0.168320
0.000010 0.000010 0.000010 0.000010 0.000010 0.999940 0.000010
0.410186 0.009442 0.000010 0.000010 0.000010 0.032398 0.547945
0.815010 0.140797 0.000010 0.000010 0.000238 0.043925 0.000010
0.000010 0.011098 0.000010 0.000010 0.025374 0.000010 0.963488
0.060346 0.045917 0.000010 0.000010 0.100158 0.793549 0.000010
0.000459 0.000010 0.999491 0.000010 0.000010 0.000010 0.000010
0.000010 0.000010 0.000010 0.999940 0.000010 0.000010 0.000010
0.018251 0.116039 0.000010 0.000010 0.071942 0.724568 0.069180
0.718639 0.000010 0.000010 0.000010 0.000010 0.000010 0.281311
0.162650 0.027003 0.503456 0.069232 0.000010 0.196888 0.040761
0.208272 0.000010 0.000010 0.000010 0.011162 0.000010 0.780526
0.000011 0.984508 0.000010 0.000010 0.000010 0.000010 0.015441
0.000010 0.000010 0.000010 0.000010 0.999940 0.000010 0.000010
0.164489 0.129966 0.000010 0.000010 0.084402 0.621113 0.000010
0.070305 0.023778 0.000010 0.000010 0.034694 0.871194 0.000010
0.955557 0.000013 0.000010 0.000010 0.000010 0.000010 0.044389
0.042743 0.014602 0.633719 0.063406 0.000010 0.199904 0.045616
0.585602 0.033687 0.000010 0.000010 0.000010 0.000010 0.380670
0.000010 0.000010 0.540642 0.061121 0.000010 0.367855 0.030352
0.027426 0.000010 0.000010 0.000010 0.972524 0.000010 0.000010
0.173865 0.000010 0.000010 0.000010 0.013723 0.000010 0.812372
0.666361 0.019850 0.000010 0.000010 0.000010 0.060633 0.253126
0.072581 0.000011 0.000010 0.000010 0.000010 0.000010 0.927368
0.175810 0.173088 0.000010 0.006434 0.102823 0.403024 0.138811
0.000010 0.000010 0.999940 0.000010 0.000010 0.000010 0.000010
0.000010 0.000010 0.000010 0.000010 0.000010 0.000010 0.999940
0.470436 0.012332 0.025288 0.000010 0.032521 0.042309 0.417104
0.000010 0.000010 0.000010 0.000010 0.000010 0.999940 0.000010
0.000010 0.000010 0.000010 0.000010 0.000010 0.999940 0.000010
0.436937 0.123448 0.000010 0.000010 0.040498 0.215726 0.183371
0.000010 0.999940 0.000010 0.000010 0.000010 0.000010 0.000010
0.000010 0.036992 0.000010 0.000010 0.050506 0.000010 0.912461
0.035392 0.126999 0.000010 0.000010 0.012727 0.824853 0.000010
0.000013 0.000010 0.000010 0.000010 0.841869 0.032379 0.125709
0.000010 0.000010 0.000010 0.000010 0.000010 0.000010 0.999940
0.000010 0.000010 0.000010 0.000010 0.000010 0.000010 0.999940
0.017359 0.000010 0.528978 0.057089 0.000010 0.336194 0.060360
0.303999 0.222787 0.000010 0.000010 0.093935 0.292951 0.086308
0.124613 0.011387 0.071614 0.012473 0.035791 0.627698 0.116423
0.000010 0.000010 0.000010 0.999940 0.000010 0.000010 0.000010
0.000010 0.000010 0.049382 0.000010 0.000010 0.834501 0.116078
0.000010 0.000010 0.000010 0.000010 0.000010 0.000010 0.999940
0.112753 0.115451 0.000010 0.000010 0.158680 0.368537 0.244559
0.000010 0.000010 0.999940 0.000010 0.000010 0.000010 0.000010
0.049549 0.003260 0.013320 0.000010 0.000010 0.808567 0.125284
0.118092 0.000010 0.000010 0.000010 0.000010 0.000010 0.881858
0.000010 0.000010 0.000010 0.999940 0.000010 0.000010 0.000010
0.078779 0.131981 0.000010 0.000010 0.154411 0.406234 0.228574
0.000010 0.000010 0.000010 0.000010 0.000010 0.000010 0.999940
0.104925 0.000010 0.000010 0.000010 0.000010 0.000010 0.895025
0.130785 0.068898 0.005584 0.000010 0.032979 0.738649 0.023094
0.155522 0.000010 0.654438 0.009416 0.000010 0.146430 0.034174
0.341238 0.034225 0.000010 0.000010 0.134548 0.452578 0.037392
0.000010 0.000570 0.670397 0.021123 0.000010 0.272332 0.035558
0.000010 0.000010 0.999940 0.000010 0.000010 0.000010 0.000010
0.000010 0.000010 0.000010 0.000010 0.999940 0.000010 0.000010
0.000010 0.000010 0.000010 0.999938 0.000012 0.000010 0.000010
0.000010 0.024993 0.000010 0.000010 0.020537 0.025427 0.929013
0.000010 0.999940 0.000010 0.000010 0.000010 0.000010 0.000010
0.159313 0.030545 0.000010 0.000010 0.046858 0.102432 0.660833
0.174004 0.107846 0.000010 0.000010 0.054000 0.533940 0.130190
0.000010 0.005418 0.000010 0.000010 0.020837 0.035100 0.938615
0.419683 0.027781 0.003359 0.000010 0.000010 0.055717 0.493440
0.000010 0.000010 0.000010 0.999940 0.000010 0.000010 0.000010
0.000010 0.039023 0.000010 0.000010 0.064082 0.888164 0.008701
0.016153 0.938047 0.000010 0.000010 0.045761 0.000010 0.000010
0.000010 0.000010 0.558590 0.056503 0.000010 0.299042 0.085835
0.000010 0.000010 0.000018 0.000010 0.999932 0.000010 0.000010
0.000010 0.009279 0.000010 0.000010 0.000010 0.082438 0.908242
0.579257 0.014629 0.000010 0.000010 0.024627 0.000010 0.381457
0.999940 0.000010 0.000010 0.000010 0.000010 0.000010 0.000010
0.087347 0.091857 0.000010 0.000010 0.151538 0.447533 0.221705
0.000010 0.002845 0.000010 0.000010 0.000010 0.000010 0.997105
0.000010 0.000010 0.000010 0.000010 0.000010 0.000010 0.999940
0.423623 0.177268 0.000771 0.000010 0.088736 0.309583 0.000010
0.018912 0.000010 0.000010 0.000010 0.000010 0.981038 0.000010
0.158570 0.013664 0.000010 0.000010 0.014963 0.800768 0.012014
0.407221 0.175864 0.000010 0.000010 0.000010 0.416875 0.000010
0.347493 0.236798 0.000010 0.000010 0.149102 0.266576 0.000010
0.488109 0.117680 0.000010 0.000010 0.000010 0.394170 0.000010
0.462126 0.002555 0.000010 0.000010 0.035642 0.000010 0.499648
0.280425 0.051051 0.031845 0.000010 0.150657 0.237904 0.248108
0.350288 0.119797 0.000010 0.000010 0.172922 0.330348 0.026624
0.409094 0.095062 0.000010 0.000010 0.050241 0.296596 0.148986
0.143554 0.066598 0.032414 0.000010 0.058320 0.699094 0.000010
0.000010 0.000010 0.063196 0.000010 0.000010 0.855358 0.081406
0.000010 0.000010 0.000010 0.000010 0.999940 0.000010 0.000010
0.000010 0.000010 0.971547 0.000010 0.000010 0.000010 0.028403
0.000010 0.000010 0.999940 0.000010 0.000010 0.000010 0.000010
0.110207 0.069492 0.000010 0.000010 0.051210 0.000010 0.769060
0.000010 0.999936 0.000010 0.000014 0.000010 0.000010 0.000010
0.000010 0.000010 0.000010 0.000010 0.000010 0.999940 0.000010
0.000010 0.000010 0.000010 0.999940 0.000010 0.000010 0.000010
0.000010 0.000010 0.574017 0.076426 0.000010 0.244521 0.105006
0.297018 0.000010 0.000010 0.000012 0.024015 0.678926 0.000010
0.157850 0.007647 0.556699 0.085724 0.000010 0.192059 0.000010
0.000010 0.000010 0.000018 0.000010 0.000010 0.999932 0.000010
0.000010 0.066289 0.000010 0.000010 0.000010 0.000010 0.933661
0.114698 0.036601 0.000010 0.000010 0.079853 0.000010 0.768818
0.000010 0.999940 0.000010 0.000010 0.000010 0.000010 0.000010
0.157595 0.151434 0.000010 0.003888 0.083996 0.603067 0.000010
0.000010 0.000010 0.999935 0.000010 0.000010 0.000015 0.000010
0.043429 0.000010 0.577665 0.049040 0.000010 0.304501 0.025345
0.999940 0.000010 0.000010 0.000010 0.000010 0.000010 0.000010
0.000010 0.999940 0.000010 0.000010 0.000010 0.000010 0.000010
0.111931 0.103660 0.000010 0.000010 0.055677 0.634941 0.093771
0.038653 0.961297 0.000010 0.000010 0.000010 0.000010 0.000010
0.000012 0.000010 0.000010 0.000010 0.000010 0.000010 0.999938
0.000010 0.000010 0.000010 0.000010 0.000010 0.000010 0.999940
0.164997 0.134579 0.000010 0.000010 0.082674 0.427265 0.190464
0.004611 0.000010 0.000010 0.000010 0.995339 0.000010 0.000010
0.000010 0.111220 0.000010 0.000010 0.000010 0.888730 0.000010
0.001519 0.009007 0.035910 0.000010 0.014854 0.721190 0.217509
0.000016 0.000010 0.000011 0.000010 0.999933 0.000010 0.000010
0.034583 0.000010 0.000010 0.000011 0.000010 0.000010 0.965366
0.788946 0.000010 0.000010 0.000010 0.031788 0.000010 0.179225
0.000010 0.000010 0.000010 0.000010 0.000010 0.999940 0.000010
0.000010 0.000010 0.000010 0.000010 0.000010 0.999940 0.000010
0.000010 0.847981 0.000010 0.000010 0.047417 0.095339 0.009233
0.111255 0.000010 0.000010 0.000010 0.000010 0.000010 0.888695
0.000010 0.000010 0.999940 0.000010 0.000010 0.000010 0.000010
0.031449 0.000010 0.000010 0.000010 0.000010 0.000010 0.968501
0.062395 0.000010 0.665936 0.062218 0.025448 0.183983 0.000010
0.321804 0.000010 0.000010 0.000010 0.000010 0.678146 0.000010
0.030107 0.049965 0.000010 0.000010 0.046228 0.873671 0.000010
0.075013 0.046388 0.051725 0.000010 0.010668 0.624160 0.192037
0.335299 0.142863 0.000010 0.000010 0.057665 0.464144 0.000010
0.000010 0.999940 0.000010 0.000010 0.000010 0.000010 0.000010
0.000011 0.000010 0.000010 0.000010 0.999939 0.000010 0.000010
0.000010 0.000010 0.000010 0.000010 0.000010 0.000010 0.999940
0.000010 0.000010 0.000010 0.000010 0.000010 0.000010 0.999940
0.693459 0.000010 0.037170 0.000010 0.000010 0.000010 0.269331
0.000010 0.014859 0.000010 0.000010 0.000010 0.976565 0.008535
0.000010 0.000012 0.000010 0.000010 0.000010 0.000010 0.999938
0.000010 0.041505 0.066316 0.000010 0.000010 0.818360 0.073789
0.407208 0.066855 0.000010 0.000010 0.123903 0.057831 0.344182
0.000010 0.000010 0.999940 0.000010 0.000010 0.000010 0.000010
0.000010 0.000010 0.000010 0.000010 0.000010 0.000010 0.999940
0.130513 0.079420 0.000010 0.000010 0.024999 0.014703 0.750345
0.792794 0.191671 0.000010 0.000010 0.015496 0.000010 0.000010
0.000010 0.000010 0.999940 0.000010 0.000010 0.000010 0.000010
0.000010 0.000010 0.000010 0.000010 0.010167 0.121099 0.868695
0.331909 0.116891 0.005360 0.000010 0.068986 0.396883 0.079961
0.000010 0.000010 0.000010 0.000010 0.999940 0.000010 0.000010
0.233986 0.205774 0.001332 0.000010 0.045266 0.407445 0.106186
0.000010 0.000010 0.999940 0.000010 0.000010 0.000010 0.000010
0.438645 0.000010 0.000010 0.000010 0.003268 0.000010 0.558046
0.999939 0.000010 0.000010 0.000010 0.000011 0.000010 0.000010
0.000010 0.000010 0.000010 0.000010 0.999940 0.000010 0.000010
0.000010 0.000010 0.000010 0.000010 0.999940 0.000010 0.000010
0.131547 0.223160 0.000010 0.000010 0.095320 0.354205 0.195748
0.000010 0.000010 0.000010 0.969194 0.000010 0.030756 0.000010
0.530239 0.012598 0.060373 0.000010 0.015060 0.022335 0.359385
0.000010 0.000010 0.000010 0.000010 0.000010 0.000010 0.999940
0.790007 0.029809 0.000010 0.000010 0.045962 0.000010 0.134191
0.143030 0.050976 0.065053 0.000010 0.050540 0.356095 0.334296
0.000010 0.000010 0.000010 0.999940 0.000010 0.000010 0.000010
0.000010 0.999933 0.000017 0.000010 0.000010 0.000010 0.000010
0.000010 0.000010 0.660663 0.040285 0.000010 0.299012 0.000010
0.377779 0.107939 0.000010 0.000010 0.187200 0.224177 0.102885
0.132748 0.030969 0.000010 0.000010 0.013690 0.753082 0.069491
0.000010 0.000010 0.999940 0.000010 0.000010 0.000010 0.000010
0.000010 0.000010 0.000010 0.000010 0.000010 0.070939 0.929011
0.000010 0.000010 0.999940 0.000010 0.000010 0.000010 0.000010
0.111684 0.000010 0.000010 0.000010 0.000010 0.000010 0.888266
0.000010 0.000010 0.000010 0.999940 0.000010 0.000010 0.000010
0.031110 0.000010 0.000010 0.000010 0.138071 0.000010 0.830779
0.000010 0.000010 0.000010 0.000010 0.001344 0.000010 0.998606
0.261258 0.001709 0.000010 0.000010 0.022931 0.107585 0.606497
0.106100 0.000010 0.000010 0.000010 0.000010 0.000010 0.893850
0.125987 0.091536 0.000010 0.000010 0.035659 0.417825 0.328973
0.000010 0.999940 0.000010 0.000010 0.000010 0.000010 0.000010
0.061641 0.020266 0.031475 0.000010 0.017378 0.829469 0.039760
0.000010 0.000020 0.000010 0.000010 0.999930 0.000010 0.000010
0.000010 0.000010 0.000010 0.000010 0.000010 0.000010 0.999940
0.000010 0.000010 0.000010 0.000010 0.999940 0.000010 0.000010
0.000010 0.000010 0.000010 0.999940 0.000010 0.000010 0.000010
0.000010 0.000013 0.000010 0.000010 0.999937 0.000010 0.000010
0.058125 0.000010 0.000010 0.000010 0.000010 0.000010 0.941825
0.000010 0.037692 0.000011 0.000010 0.045715 0.916552 0.000010
0.000010 0.000010 0.000010 0.000010 0.072769 0.000010 0.927181
0.000016 0.000010 0.000010 0.000010 0.000010 0.000010 0.999934
0.000010 0.000010 0.000010 0.999940 0.000010 0.000010 0.000010
0.193788 0.090870 0.000010 0.002321 0.107502 0.561907 0.043603
0.000010 0.011114 0.000010 0.000010 0.988836 0.000010 0.000010
0.000010 0.000010 0.000010 0.000010 0.000010 0.999940 0.000010
0.887533 0.000010 0.000010 0.000010 0.000010 0.000010 0.112417
0.000010 0.000010 0.000010 0.000010 0.000010 0.000010 0.999940
0.999932 0.000010 0.000010 0.000018 0.000010 0.000010 0.000010
0.000010 0.000010 0.000010 0.000010 0.999940 0.000010 0.000010
0.000010 0.000010 0.059969 0.000010 0.000010 0.939981 0.000010
0.000010 0.000010 0.000010 0.999940 0.000010 0.000010 0.000010
0.000010 0.058519 0.039957 0.000010 0.010859 0.890635 0.000010
0.000010 0.000010 0.999940 0.000010 0.000010 0.000010 0.000010
0.000010 0.999939 0.000011 0.000010 0.000010 0.000010 0.000010
0.000010 0.964712 0.000010 0.000010 0.035238 0.000010 0.000010
0.000010 0.000010 0.000010 0.000010 0.000010 0.000010 0.999940
0.118133 0.082200 0.000010 0.007517 0.044922 0.578596 0.168622
0.000010 0.000010 0.055053 0.000010 0.050986 0.796968 0.096963
0.000010 0.000010 0.000010 0.000010 0.000010 0.000010 0.999940
0.000010 0.000010 0.000010 0.000010 0.999940 0.000010 0.000010
0.103711 0.768917 0.000010 0.000010 0.025850 0.081479 0.020023
0.000010 0.000010 0.573489 0.064441 0.003400 0.308368 0.050282
0.000010 0.000010 0.000010 0.000010 0.000010 0.000010 0.999940
0.508660 0.143776 0.000010 0.000010 0.106255 0.212008 0.029282
0.316254 0.168311 0.000010 0.000013 0.006816 0.508587 0.000010
0.027902 0.000010 0.000010 0.000010 0.145943 0.826116 0.000010
0.018605 0.036723 0.000010 0.000010 0.944631 0.000010 0.000010
0.000010 0.019777 0.000010 0.000010 0.051671 0.000010 0.928512
0.040787 0.054010 0.000010 0.000010 0.044589 0.860583 0.000010
0.000010 0.045713 0.000010 0.000010 0.000010 0.954237 0.000010
0.104806 0.068239 0.000010 0.000010 0.065708 0.679296 0.081930
0.348204 0.055313 0.000010 0.000010 0.010927 0.312128 0.273409
0.000010 0.000010 0.000010 0.000010 0.007562 0.992388 0.000010
0.000010 0.000010 0.022622 0.001181 0.024940 0.728578 0.222659
0.000010 0.000010 0.000010 0.000010 0.016070 0.983880 0.000010
0.641082 0.000010 0.000010 0.000010 0.068911 0.000010 0.289968
0.000010 0.999940 0.000010 0.000010 0.000010 0.000010 0.000010
0.000010 0.000010 0.000010 0.000010 0.000010 0.998176 0.001774
0.172189 0.000010 0.000010 0.000010 0.000010 0.000010 0.827761
0.412028 0.190441 0.000010 0.000010 0.134345 0.263156 0.000010
0.009748 0.053972 0.000010 0.000010 0.936241 0.000010 0.000010
0.999940 0.000010 0.000010 0.000010 0.000010 0.000010 0.000010
0.000010 0.000010 0.000010 0.000010 0.975098 0.000010 0.024852
0.087123 0.017888 0.033940 0.029740 0.120096 0.625278 0.085937
0.000010 0.000010 0.000010 0.000010 0.000010 0.027954 0.971996
0.000010 0.000010 0.000010 0.000010 0.999940 0.000010 0.000010
0.000010 0.126816 0.000010 0.000010 0.000010 0.000010 0.873134
0.050873 0.014789 0.704569 0.088651 0.000010 0.141098 0.000010
0.000010 0.000010 0.000010 0.000010 0.999940 0.000010 0.000010
0.000010 0.000010 0.000010 0.000010 0.000010 0.999940 0.000010
0.000010 0.000010 0.000010 0.000010 0.037855 0.000010 0.962095
0.000010 0.000010 0.000010 0.000010 0.977698 0.000010 0.022252
0.999940 0.000010 0.000010 0.000010 0.000010 0.000010 0.000010
0.152391 0.160595 0.000010 0.000010 0.160959 0.319385 0.206651
0.550152 0.174137 0.000010 0.000010 0.103047 0.172634 0.000010
0.337297 0.023269 0.074206 0.000010 0.030279 0.161599 0.373340
0.000010 0.000010 0.000010 0.000010 0.000010 0.999940 0.000010
0.019114 0.014590 0.000010 0.949096 0.017170 0.000010 0.000010
0.000010 0.000010 0.000013 0.000015 0.999931 0.000010 0.000010
0.550454 0.063747 0.029405 0.000010 0.095175 0.000010 0.261199
0.391215 0.069247 0.000010 0.000010 0.105567 0.325685 0.108266
0.691890 0.140273 0.000010 0.000010 0.167797 0.000010 0.000010
0.000010 0.037565 0.000010 0.000010 0.000010 0.139237 0.823158
0.000010 0.016360 0.000012 0.000010 0.031002 0.000010 0.952597
0.044353 0.097017 0.000010 0.000010 0.065978 0.582441 0.210192
0.156373 0.000010 0.729058 0.000010 0.000010 0.095196 0.019343
0.000010 0.000010 0.000010 0.999940 0.000010 0.000010 0.000010
0.371447 0.137202 0.000010 0.000010 0.033369 0.411829 0.046134
0.000010 0.000010 0.000010 0.000010 0.000010 0.999940 0.000010
0.000010 0.000010 0.999940 0.000010 0.000010 0.000010 0.000010
0.000010 0.000010 0.930057 0.000010 0.000010 0.041332 0.028571
0.000010 0.999940 0.000010 0.000010 0.000010 0.000010 0.000010
0.000010 0.000010 0.049752 0.000010 0.000010 0.839137 0.111071
0.588754 0.014667 0.071365 0.001071 0.000010 0.030004 0.294129
0.000010 0.000010 0.000010 0.000010 0.999940 0.000010 0.000010
0.472025 0.202460 0.000010 0.000010 0.087729 0.237756 0.000010
0.013660 0.061566 0.088404 0.000010 0.022583 0.716828 0.096949
0.000010 0.999940 0.000010 0.000010 0.000010 0.000010 0.000010
0.000010 0.000010 0.000010 0.000010 0.999932 0.000018 0.000010
0.000010 0.000010 0.000010 0.000010 0.999940 0.000010 0.000010
0.147931 0.000010 0.017237 0.000010 0.000010 0.834792 0.000010
0.000010 0.000010 0.000010 0.000011 0.999939 0.000010 0.000010
0.000010 0.999940 0.000010 0.000010 0.000010 0.000010 0.000010
0.000010 0.000010 0.000010 0.000010 0.000010 0.999940 0.000010
0.168052 0.000010 0.000010 0.000010 0.112498 0.000010 0.719410
0.439435 0.104047 0.000010 0.000010 0.162836 0.256096 0.037566
0.000010 0.000010 0.000010 0.999940 0.000010 0.000010 0.000010
0.000010 0.999940 0.000010 0.000010 0.000010 0.000010 0.000010
0.000010 0.968567 0.000010 0.000010 0.000010 0.000010 0.031383
0.000010 0.000010 0.999940 0.000010 0.000010 0.000010 0.000010
0.000010 0.026598 0.000010 0.000010 0.000010 0.929754 0.043608
0.000010 0.000010 0.000010 0.000010 0.000010 0.000010 0.999940
0.000010 0.000010 0.999940 0.000010 0.000010 0.000010 0.000010
0.000010 0.999940 0.000010 0.000010 0.000010 0.000010 0.000010
0.999940 0.000010 0.000010 0.000010 0.000010 0.000010 0.000010
0.000010 0.000010 0.000010 0.999936 0.000014 0.000010 0.000010
0.000710 0.049376 0.949873 0.000010 0.000010 0.000010 0.000010
0.000010 0.870733 0.000010 0.000010 0.072409 0.056818 0.000010
0.999940 0.000010 0.000010 0.000010 0.000010 0.000010 0.000010
0.015474 0.033360 0.000010 0.000010 0.064670 0.814668 0.071808
0.000010 0.999940 0.000010 0.000010 0.000010 0.000010 0.000010
0.000010 0.000010 0.999940 0.000010 0.000010 0.000010 0.000010
0.999940 0.000010 0.000010 0.000010 0.000010 0.000010 0.000010
0.413847 0.024928 0.000010 0.000010 0.032036 0.063913 0.465256
0.000010 0.000010 0.000010 0.000010 0.000010 0.999940 0.000010
0.000010 0.000010 0.999940 0.000010 0.000010 0.000010 0.000010
0.000010 0.000010 0.000010 0.000010 0.999940 0.000010 0.000010
0.000010 0.000010 0.043606 0.000010 0.000010 0.806126 0.150227
0.000010 0.000010 0.000010 0.999940 0.000010 0.000010 0.000010
0.685068 0.168386 0.000010 0.000010 0.146506 0.000010 0.000010
0.000010 0.000010 0.634495 0.039486 0.000010 0.325979 0.000010
0.000010 0.000010 0.969009 0.000010 0.000010 0.000010 0.030941
0.000010 0.999938 0.000010 0.000012 0.000010 0.000010 0.000010
