0.038828 0.160970 0.467395 0.000010 0.332798
0.022448 0.216137 0.485925 0.000010 0.275480
0.107492 0.362589 0.000010 0.529900 0.000010
0.999960 0.000010 0.000010 0.000010 0.000010
0.999960 0.000010 0.000010 0.000010 0.000010
0.004816 0.085238 0.000010 0.399411 0.510526
0.022778 0.000010 0.503813 0.000010 0.473389
0.000017 0.999953 0.000010 0.000010 0.000010
0.000010 0.000010 0.999960 0.000010 0.000010
0.000010 0.999960 0.000010 0.000010 0.000010
0.035237 0.033900 0.000010 0.000010 0.930843
0.999960 0.000010 0.000010 0.000010 0.000010
0.000010 0.000010 0.000010 0.181012 0.818958
0.070321 0.041391 0.632205 0.000010 0.256073
0.976148 0.000010 0.000010 0.000010 0.023822
0.000010 0.000010 0.999960 0.000010 0.000010
0.017842 0.569469 0.000010 0.196651 0.216028
0.016097 0.031622 0.000010 0.270474 0.681798
0.169653 0.358609 0.000010 0.337044 0.134684
0.019951 0.212892 0.075295 0.211234 0.480628
0.999960 0.000010 0.000010 0.000010 0.000010
0.000010 0.000010 0.000010 0.132835 0.867135
0.000010 0.116787 0.448909 0.262709 0.171585
0.000010 0.000010 0.000010 0.764626 0.235344
0.005603 0.994367 0.000010 0.000010 0.000010
0.000010 0.000010 0.000010 0.999960 0.000010
0.000010 0.081530 0.000010 0.102472 0.815978
0.000010 0.046619 0.033057 0.510682 0.409632
0.030111 0.460165 0.051596 0.000010 0.458118
0.010919 0.879182 0.000010 0.000010 0.109879
0.015000 0.000010 0.000010 0.000010 0.984970
0.000010 0.035028 0.684823 0.000010 0.280129
0.024079 0.151080 0.479744 0.009004 0.336093
0.000010 0.152569 0.534248 0.020358 0.292815
0.029172 0.120458 0.007311 0.361144 0.481915
0.030324 0.599739 0.039874 0.000010 0.330053
0.015056 0.524923 0.059148 0.000010 0.400863
0.000010 0.000010 0.000010 0.999960 0.000010
0.049397 0.000010 0.950134 0.000010 0.000448
0.000010 0.000010 0.673046 0.000010 0.326924
0.999960 0.000010 0.000010 0.000010 0.000010
0.122516 0.418063 0.005984 0.161180 0.292258
0.999960 0.000010 0.000010 0.000010 0.000010
0.045690 0.589069 0.000010 0.141883 0.223348
0.056746 0.591052 0.000010 0.190146 0.162045
0.043731 0.692000 0.000010 0.140824 0.123435
0.000010 0.446996 0.108035 0.033200 0.411758
0.027685 0.000010 0.628577 0.000010 0.343718
0.011907 0.027050 0.550767 0.000010 0.410266
0.040846 0.000010 0.000010 0.018507 0.940627
0.072922 0.000010 0.000010 0.609697 0.317361
0.999960 0.000010 0.000010 0.000010 0.000010
0.000010 0.000010 0.000010 0.000010 0.999960
0.000010 0.000010 0.000010 0.129281 0.870689
0.000010 0.999960 0.000010 0.000010 0.000010
0.000010 0.556802 0.089335 0.000010 0.353843
0.000010 0.000010 0.000010 0.000010 0.999960
0.000010 0.900093 0.000010 0.000010 0.099877
0.999960 0.000010 0.000010 0.000010 0.000010
0.000010 0.000010 0.000010 0.000010 0.999960
0.003426 0.274466 0.405368 0.000010 0.316730
0.000010 0.000010 0.000010 0.000010 0.999960
0.000010 0.034881 0.000010 0.000010 0.965089
0.000010 0.999960 0.000010 0.000010 0.000010
0.000010 0.000010 0.999960 0.000010 0.000010
0.000010 0.000010 0.999960 0.000010 0.000010
0.087528 0.072738 0.000010 0.360803 0.478920
0.026945 0.483657 0.132173 0.000010 0.357216
0.038686 0.060722 0.601054 0.000010 0.299527
0.000010 0.050010 0.000010 0.000010 0.949960
0.149317 0.221354 0.000010 0.506584 0.122736
0.019737 0.638919 0.000010 0.341325 0.000010
0.000010 0.551001 0.115388 0.020656 0.312945
0.000010 0.000010 0.000010 0.198242 0.801728
0.074750 0.623647 0.000010 0.239228 0.062365
0.043515 0.568325 0.000010 0.388141 0.000010
0.000012 0.029095 0.000010 0.170562 0.800321
0.000010 0.000010 0.000010 0.086083 0.913887
0.000016 0.000010 0.999954 0.000010 0.000010
0.000010 0.999960 0.000010 0.000010 0.000010
0.002340 0.677596 0.000010 0.126934 0.193121
0.000010 0.011191 0.000010 0.260640 0.728149
0.000010 0.545749 0.012459 0.385499 0.056284
0.000010 0.109825 0.000010 0.067772 0.822383
0.999960 0.000010 0.000010 0.000010 0.000010
0.000010 0.000010 0.000010 0.057093 0.942877
0.037039 0.000010 0.000010 0.055802 0.907139
0.000010 0.999960 0.000010 0.000010 0.000010
0.961243 0.000010 0.000010 0.038727 0.000010
0.119926 0.343965 0.000010 0.274514 0.261585
0.033240 0.808656 0.000010 0.000010 0.158084
0.154029 0.233363 0.028643 0.233937 0.350028
0.000010 0.536462 0.110018 0.000010 0.353500
0.028774 0.178941 0.000010 0.792265 0.000010
0.000010 0.000010 0.000010 0.999960 0.000010
0.151929 0.312919 0.000010 0.344904 0.190238
0.999960 0.000010 0.000010 0.000010 0.000010
0.073762 0.656787 0.000010 0.269431 0.000010
0.000010 0.999960 0.000010 0.000010 0.000010
0.000010 0.932339 0.000010 0.000010 0.067631
0.000010 0.000010 0.999960 0.000010 0.000010
0.000010 0.000010 0.000010 0.665105 0.334865
0.999960 0.000010 0.000010 0.000010 0.000010
0.000010 0.000010 0.000010 0.000010 0.999960
0.000010 0.000010 0.000010 0.853413 0.146557
0.014394 0.484563 0.105464 0.066204 0.329374
0.999960 0.000010 0.000010 0.000010 0.000010
0.101691 0.441735 0.000010 0.201002 0.255562
0.071638 0.253301 0.000010 0.216467 0.458584
0.999960 0.000010 0.000010 0.000010 0.000010
0.007344 0.232142 0.523340 0.000010 0.237164
0.150073 0.379188 0.000010 0.456695 0.014034
0.074029 0.000010 0.000010 0.776616 0.149335
0.210577 0.333377 0.000010 0.409918 0.046118
0.104382 0.500130 0.000010 0.322549 0.072928
0.031948 0.651317 0.000010 0.147456 0.169269
0.999960 0.000010 0.000010 0.000010 0.000010
0.999960 0.000010 0.000010 0.000010 0.000010
0.000587 0.067079 0.000010 0.000010 0.932314
0.000010 0.073702 0.000010 0.000010 0.926268
0.035211 0.000010 0.000010 0.663675 0.301094
0.016579 0.000010 0.632722 0.000010 0.350679
0.045594 0.072401 0.000010 0.122889 0.759106
0.106229 0.049970 0.000010 0.222183 0.621607
0.185153 0.373091 0.000010 0.441737 0.000010
0.024753 0.104161 0.000010 0.000010 0.871066
0.000010 0.000010 0.000010 0.036865 0.963105
0.053049 0.024479 0.000010 0.000010 0.922452
0.093661 0.607076 0.000010 0.247687 0.051565
0.061607 0.000010 0.000010 0.294086 0.644287
0.000010 0.000010 0.000010 0.000010 0.999960
0.000010 0.854900 0.000010 0.000010 0.145070
0.000010 0.027717 0.000010 0.000010 0.972253
0.089711 0.613407 0.002593 0.275179 0.019110
0.015329 0.119610 0.581148 0.000010 0.283903
0.038821 0.307231 0.000010 0.294162 0.359777
0.009186 0.077132 0.588419 0.000010 0.325253
0.102019 0.000010 0.000010 0.056421 0.841540
0.000010 0.000010 0.000010 0.047057 0.952913
0.945507 0.038141 0.000010 0.016331 0.000010
0.076327 0.013860 0.563535 0.000010 0.346268
0.106580 0.815476 0.000010 0.077924 0.000010
0.173260 0.510862 0.000010 0.169601 0.146267
0.182738 0.383387 0.000010 0.381153 0.052712
0.967415 0.000010 0.000010 0.000010 0.032555
0.000010 0.000010 0.000010 0.201703 0.798267
0.000010 0.000010 0.000010 0.000010 0.999960
0.065360 0.546405 0.000010 0.229553 0.158671
0.010939 0.055485 0.461182 0.121889 0.350505
0.000010 0.000010 0.000010 0.000010 0.999960
0.034220 0.167243 0.471016 0.027668 0.299853
0.163772 0.435286 0.000010 0.400922 0.000010
0.999960 0.000010 0.000010 0.000010 0.000010
0.129298 0.498705 0.000010 0.131996 0.239992
0.015223 0.826235 0.000010 0.000010 0.158522
0.000010 0.011703 0.000010 0.419622 0.568655
0.000010 0.211141 0.000010 0.788829 0.000010
0.038969 0.000010 0.000010 0.000010 0.961001
0.105004 0.610563 0.000010 0.175828 0.108596
0.013181 0.097045 0.594766 0.000010 0.294998
0.000010 0.000010 0.999960 0.000010 0.000010
0.082572 0.575152 0.000010 0.114861 0.227405
0.000010 0.000010 0.000010 0.722927 0.277043
0.000010 0.198672 0.409828 0.150964 0.240526
0.010247 0.000010 0.000010 0.237422 0.752311
0.000010 0.999960 0.000010 0.000010 0.000010
0.999960 0.000010 0.000010 0.000010 0.000010
0.095209 0.526489 0.018561 0.260050 0.099691
0.033521 0.670442 0.000010 0.194976 0.101051
0.000010 0.000012 0.000010 0.958874 0.041094
0.000010 0.148717 0.454459 0.000010 0.396805
0.000010 0.000010 0.000010 0.602564 0.397406
0.000010 0.242455 0.411494 0.000010 0.346031
0.970112 0.000010 0.000010 0.029858 0.000010
0.009166 0.000010 0.000010 0.200735 0.790080
0.000010 0.054373 0.000010 0.661954 0.283653
0.000010 0.000010 0.000010 0.092665 0.907305
0.107097 0.443977 0.023997 0.228123 0.196805
0.022378 0.015769 0.666786 0.000010 0.295056
0.000010 0.000010 0.000010 0.000010 0.999960
0.032801 0.020884 0.000010 0.506218 0.440087
0.000010 0.694789 0.000010 0.131784 0.173407
0.003809 0.644105 0.000010 0.118423 0.233653
0.038971 0.281712 0.000010 0.486600 0.192707
0.000010 0.999960 0.000010 0.000010 0.000010
0.059218 0.016694 0.000010 0.000010 0.924068
0.013596 0.750982 0.000010 0.057262 0.178151
0.843204 0.000010 0.000010 0.000010 0.156766
0.000010 0.000010 0.000010 0.000010 0.999960
0.018687 0.000010 0.000010 0.000010 0.981283
0.000010 0.243416 0.389530 0.015334 0.351710
0.094032 0.434885 0.000010 0.355108 0.115965
0.039511 0.421596 0.115636 0.123864 0.299392
0.000010 0.000010 0.999960 0.000010 0.000010
0.025640 0.491137 0.089039 0.000010 0.394173
0.000010 0.000010 0.000010 0.000010 0.999960
0.162868 0.369214 0.000010 0.174832 0.293076
0.000010 0.034924 0.691565 0.000010 0.273491
0.000010 0.511139 0.081112 0.011447 0.396293
0.000010 0.000019 0.000010 0.130502 0.869458
0.000010 0.000010 0.999960 0.000010 0.000010
0.153665 0.417740 0.000010 0.143198 0.285386
0.000010 0.000010 0.000010 0.000010 0.999960
0.000010 0.000010 0.000010 0.128830 0.871140
0.052629 0.500222 0.062691 0.149071 0.235387
0.000010 0.102504 0.419460 0.150800 0.327226
0.121053 0.357648 0.004930 0.406510 0.109859
0.000010 0.238753 0.406663 0.000010 0.354564
0.000010 0.055397 0.647957 0.000010 0.296625
0.999960 0.000010 0.000010 0.000010 0.000010
0.000010 0.000010 0.999960 0.000010 0.000010
0.021522 0.025816 0.000010 0.003002 0.949650
0.000010 0.999960 0.000010 0.000010 0.000010
0.048015 0.083153 0.000010 0.167846 0.700976
0.051159 0.460367 0.000010 0.248064 0.240401
0.026987 0.026583 0.000010 0.000010 0.946410
0.000010 0.048854 0.000010 0.438667 0.512459
0.000010 0.000010 0.999960 0.000010 0.000010
0.066120 0.675834 0.000010 0.015121 0.242915
0.037174 0.939430 0.000010 0.023376 0.000010
0.000010 0.218730 0.428096 0.000010 0.353154
0.999960 0.000010 0.000010 0.000010 0.000010
0.000010 0.055508 0.000010 0.000010 0.944462
0.023346 0.000010 0.000010 0.591275 0.385360
0.000010 0.000010 0.000010 0.999960 0.000010
0.149423 0.390491 0.000010 0.160980 0.299096
0.000010 0.000010 0.000010 0.000010 0.999960
0.000010 0.000010 0.000010 0.010143 0.989827
0.093384 0.406026 0.000010 0.500570 0.000010
0.000010 0.653685 0.000010 0.143529 0.202765
0.011129 0.625872 0.000010 0.180759 0.182230
0.000010 0.537464 0.000010 0.462506 0.000010
0.147889 0.446076 0.000010 0.406014 0.000010
0.000010 0.443855 0.000010 0.522375 0.033750
0.038524 0.000010 0.000010 0.478216 0.483240
0.143355 0.216675 0.016291 0.324412 0.299267
0.168346 0.344106 0.000010 0.380111 0.107426
0.052370 0.307271 0.000010 0.463530 0.176818
0.064287 0.495850 0.094543 0.141164 0.204156
0.000010 0.523862 0.105978 0.000010 0.370140
0.999955 0.000010 0.000010 0.000015 0.000010
0.023500 0.000010 0.503318 0.000010 0.473162
0.008700 0.000010 0.607379 0.000010 0.383901
0.053291 0.058777 0.000010 0.136171 0.751751
0.000010 0.985744 0.000010 0.014226 0.000010
0.000010 0.893630 0.000010 0.000010 0.106340
0.000010 0.000010 0.999960 0.000010 0.000010
0.007720 0.170888 0.447842 0.000010 0.373539
0.027510 0.600071 0.000010 0.356578 0.015831
0.000010 0.175296 0.448988 0.151678 0.224029
0.000010 0.912437 0.000010 0.000010 0.087533
0.000010 0.041351 0.000010 0.000010 0.958619
0.092917 0.000010 0.000010 0.145810 0.761253
0.000010 0.999960 0.000010 0.000010 0.000010
0.100567 0.563962 0.029543 0.259462 0.046466
0.067979 0.000010 0.627614 0.000620 0.303778
0.019354 0.208946 0.414692 0.011043 0.345964
0.000010 0.000010 0.000010 0.999960 0.000010
0.000010 0.982482 0.000010 0.017488 0.000010
0.059558 0.514346 0.000010 0.198146 0.227941
0.000010 0.987441 0.000010 0.012529 0.000010
0.000010 0.000010 0.000010 0.000010 0.999960
0.000010 0.000010 0.000010 0.000010 0.999960
0.083076 0.415314 0.000010 0.234848 0.266752
0.993500 0.000010 0.000010 0.000010 0.006470
0.000010 0.786812 0.000010 0.109052 0.104116
0.010388 0.487772 0.078516 0.000010 0.423314
0.999960 0.000010 0.000010 0.000010 0.000010
0.000010 0.000010 0.000010 0.041679 0.958291
0.036078 0.000010 0.000010 0.821562 0.142339
0.000010 0.993917 0.000010 0.000010 0.006053
0.000010 0.915604 0.000010 0.000010 0.084366
0.009477 0.990493 0.000010 0.000010 0.000010
0.000010 0.000010 0.000010 0.144438 0.855532
0.077865 0.000010 0.652013 0.000010 0.270102
0.000010 0.000010 0.000010 0.050865 0.949105
0.045698 0.148385 0.500576 0.037980 0.267360
0.000010 0.511159 0.000010 0.353570 0.135251
0.077043 0.663235 0.000010 0.137487 0.122225
0.015445 0.456541 0.060347 0.082465 0.385202
0.059119 0.478052 0.000010 0.394155 0.068664
0.000010 0.999960 0.000010 0.000010 0.000010
0.999960 0.000010 0.000010 0.000010 0.000010
0.000010 0.000010 0.000010 0.000010 0.999960
0.000010 0.000010 0.000010 0.000010 0.999960
0.000010 0.000010 0.000010 0.699476 0.300494
0.000010 0.782189 0.000010 0.000010 0.217781
0.000010 0.000013 0.000010 0.000010 0.999957
0.000010 0.612668 0.087903 0.000010 0.299410
0.120163 0.099551 0.000010 0.431551 0.348725
0.009837 0.023663 0.587216 0.000010 0.379274
0.000010 0.000010 0.000010 0.000010 0.999960
0.025308 0.083960 0.000010 0.153200 0.737521
0.000010 0.235015 0.000010 0.764955 0.000010
0.006711 0.057350 0.667660 0.000010 0.268269
0.011394 0.066624 0.000010 0.002802 0.919170
0.070862 0.395805 0.018278 0.375218 0.139837
0.999960 0.000010 0.000010 0.000010 0.000010
0.046265 0.485433 0.000010 0.306589 0.161703
0.000010 0.000010 0.595162 0.000010 0.404808
0.002377 0.000010 0.000010 0.445316 0.552286
0.000010 0.000010 0.000010 0.999960 0.000010
0.999960 0.000010 0.000010 0.000010 0.000010
0.999960 0.000010 0.000010 0.000010 0.000010
0.092861 0.463945 0.000010 0.190144 0.253039
0.000010 0.000010 0.999960 0.000010 0.000010
0.017105 0.023027 0.026867 0.539173 0.393828
0.000010 0.000010 0.000010 0.000010 0.999960
0.048440 0.000010 0.000010 0.805937 0.145603
0.052253 0.284067 0.030453 0.179007 0.454219
0.000010 0.000010 0.999960 0.000010 0.000010
0.000010 0.999960 0.000010 0.000010 0.000010
0.000010 0.267596 0.479912 0.000010 0.252472
0.183493 0.254844 0.000010 0.457552 0.104101
0.018854 0.544263 0.001887 0.235363 0.199632
0.000010 0.049915 0.707055 0.000010 0.243010
0.000010 0.000010 0.000010 0.013432 0.986538
0.000010 0.004391 0.640749 0.000010 0.354840
0.000010 0.000010 0.000010 0.123029 0.876941
0.000010 0.000010 0.999960 0.000010 0.000010
0.125332 0.000010 0.000010 0.061643 0.813005
0.003269 0.000010 0.000010 0.000010 0.996701
0.022943 0.047588 0.000010 0.273689 0.655770
0.000010 0.000010 0.000010 0.140268 0.859702
0.037449 0.388584 0.000010 0.171088 0.402868
0.000010 0.999956 0.000010 0.000014 0.000010
0.028912 0.580007 0.064585 0.080750 0.245746
0.999960 0.000010 0.000010 0.000010 0.000010
0.000010 0.000010 0.000010 0.000010 0.999960
0.999960 0.000010 0.000010 0.000010 0.000010
0.000010 0.000010 0.994572 0.005398 0.000010
0.999960 0.000010 0.000010 0.000010 0.000010
0.000010 0.000010 0.000010 0.053762 0.946208
0.043060 0.803207 0.000010 0.000010 0.153714
0.071010 0.000010 0.000010 0.013306 0.915664
0.000010 0.000010 0.000010 0.000010 0.999960
0.000010 0.000010 0.999960 0.000010 0.000010
0.113872 0.453693 0.031324 0.261209 0.139902
0.999957 0.000013 0.000010 0.000010 0.000010
0.000010 0.800945 0.000846 0.000010 0.198189
0.000010 0.000010 0.000010 0.915187 0.084783
0.000010 0.000010 0.000010 0.000010 0.999960
0.000010 0.000010 0.000010 0.999960 0.000010
0.999951 0.000019 0.000010 0.000010 0.000010
0.017860 0.528108 0.115427 0.000010 0.338595
0.000010 0.000010 0.999960 0.000010 0.000010
0.018909 0.626520 0.100028 0.000010 0.254533
0.000010 0.004158 0.591673 0.000010 0.404149
0.000010 0.999960 0.000010 0.000010 0.000010
0.000010 0.999960 0.000010 0.000010 0.000010
0.013564 0.000010 0.000010 0.000010 0.986406
0.053825 0.442338 0.068512 0.133497 0.301827
0.068852 0.477770 0.097947 0.014636 0.340796
0.000010 0.000010 0.000010 0.000010 0.999960
0.999960 0.000010 0.000010 0.000010 0.000010
0.026228 0.845387 0.000010 0.121083 0.007292
0.022576 0.198107 0.430870 0.000010 0.348437
0.000010 0.000010 0.000010 0.000010 0.999960
0.105148 0.312222 0.000010 0.526767 0.055853
0.010642 0.563376 0.000010 0.353545 0.072427
0.130475 0.681070 0.000010 0.061545 0.126900
0.954695 0.000010 0.000010 0.045275 0.000010
0.063707 0.000010 0.000010 0.000010 0.936263
0.043419 0.676922 0.018092 0.047997 0.213569
0.027275 0.688299 0.000010 0.092891 0.191525
0.078874 0.492734 0.015999 0.191488 0.220906
0.014375 0.254364 0.000010 0.394436 0.336815
0.039323 0.623338 0.069463 0.001523 0.266353
0.033914 0.413659 0.098730 0.012658 0.441041
0.055090 0.708397 0.000010 0.000010 0.236493
0.066677 0.000010 0.000010 0.647902 0.285401
0.000010 0.999960 0.000010 0.000010 0.000010
0.021924 0.671464 0.000010 0.000010 0.306592
0.000010 0.000010 0.000010 0.198380 0.801590
0.136104 0.375229 0.000010 0.488646 0.000010
0.959739 0.000010 0.000010 0.040231 0.000010
0.000010 0.000010 0.000010 0.999960 0.000010
0.963497 0.000010 0.000010 0.000010 0.036473
0.122652 0.427448 0.083481 0.095964 0.270456
0.000010 0.000010 0.000010 0.000010 0.999960
0.999960 0.000010 0.000010 0.000010 0.000010
0.000010 0.120174 0.000010 0.000010 0.879796
0.020518 0.159674 0.579887 0.021205 0.218716
0.999960 0.000010 0.000010 0.000010 0.000010
0.016915 0.730356 0.000010 0.128950 0.123770
0.041001 0.000010 0.000010 0.000010 0.958969
0.973581 0.000010 0.000010 0.000010 0.026389
0.000010 0.000010 0.000010 0.999960 0.000010
0.159575 0.383016 0.000010 0.224884 0.232515
0.092099 0.302628 0.000010 0.605253 0.000010
0.034756 0.105566 0.046842 0.378882 0.433954
0.000010 0.992758 0.000010 0.000010 0.007212
0.000010 0.000010 0.933067 0.066903 0.000010
0.999960 0.000010 0.000010 0.000010 0.000010
0.089725 0.056086 0.000010 0.572201 0.281978
0.104341 0.290486 0.000010 0.431145 0.174018
0.136610 0.194611 0.000010 0.668759 0.000010
0.000010 0.137304 0.000010 0.000010 0.862666
0.039404 0.000010 0.000010 0.034355 0.926221
0.071972 0.464736 0.023602 0.103687 0.336003
0.000010 0.068943 0.439437 0.136860 0.354749
0.000010 0.000010 0.999960 0.000010 0.000010
0.029779 0.405732 0.000010 0.457604 0.106875
0.011784 0.713125 0.000010 0.101985 0.173096
0.034088 0.029458 0.612997 0.000010 0.323446
0.001491 0.084832 0.497611 0.000010 0.416057
0.000010 0.999960 0.000010 0.000010 0.000010
0.000010 0.519520 0.127541 0.000010 0.352919
0.001462 0.018954 0.046040 0.604352 0.329192
0.999960 0.000010 0.000010 0.000010 0.000010
0.079734 0.427959 0.000010 0.492287 0.000010
0.038825 0.506625 0.095439 0.000010 0.359101
0.000010 0.999960 0.000010 0.000010 0.000010
0.999954 0.000016 0.000010 0.000010 0.000010
0.999960 0.000010 0.000010 0.000010 0.000010
0.000010 0.553643 0.096203 0.147026 0.203118
0.999960 0.000010 0.000010 0.000010 0.000010
0.000010 0.999960 0.000010 0.000010 0.000010
0.000010 0.938885 0.000010 0.000010 0.061085
0.104426 0.000010 0.000010 0.188173 0.707382
0.158491 0.299449 0.000010 0.501516 0.040534
0.000010 0.000010 0.999960 0.000010 0.000010
0.000014 0.999956 0.000010 0.000010 0.000010
0.000010 0.975367 0.000010 0.024603 0.000010
0.047823 0.000010 0.618370 0.000010 0.333787
0.032324 0.631977 0.070083 0.000010 0.265606
0.000010 0.000010 0.000010 0.000010 0.999960
0.008627 0.000010 0.536885 0.000010 0.454468
0.000010 0.999960 0.000010 0.000010 0.000010
0.000010 0.000010 0.000010 0.999960 0.000010
0.000010 0.000010 0.999960 0.000010 0.000010
0.011657 0.111443 0.552283 0.000010 0.324607
0.040779 0.959191 0.000010 0.000010 0.000010
0.000010 0.000010 0.000010 0.999960 0.000010
0.060022 0.568309 0.052755 0.015099 0.303815
0.000010 0.999960 0.000010 0.000010 0.000010
0.018053 0.026958 0.530056 0.000010 0.424924
0.000010 0.000010 0.000010 0.999960 0.000010
0.030329 0.056511 0.000010 0.431623 0.481528
0.000010 0.852638 0.000010 0.000010 0.147332
0.030514 0.011667 0.541949 0.000010 0.415860
0.999960 0.000010 0.000010 0.000010 0.000010
0.000010 0.522810 0.075576 0.000010 0.401594
0.000010 0.000017 0.999953 0.000010 0.000010
0.121487 0.211179 0.000010 0.667314 0.000010
0.000010 0.288703 0.456383 0.000010 0.254895
0.040632 0.000010 0.526084 0.000010 0.433265
0.000010 0.999960 0.000010 0.000010 0.000010
