0.242079 0.502880 0.042899 0.212142
0.301494 0.516371 0.020801 0.161334
0.644532 0.000010 0.202038 0.153420
0.000010 0.000010 0.999970 0.000010
0.000010 0.000010 0.999970 0.000010
0.164017 0.000026 0.015936 0.820020
0.134183 0.585089 0.046505 0.234223
0.999970 0.000010 0.000010 0.000010
0.000016 0.999964 0.000010 0.000010
0.999970 0.000010 0.000010 0.000010
0.083321 0.000010 0.031723 0.884946
0.000011 0.000010 0.999969 0.000010
0.000010 0.000010 0.000010 0.999970
0.129732 0.701591 0.084273 0.084404
0.000010 0.000010 0.999970 0.000010
0.000010 0.999970 0.000010 0.000010
0.747302 0.000010 0.018662 0.234026
0.074103 0.000010 0.035684 0.890203
0.503086 0.013803 0.227418 0.255694
0.297467 0.080327 0.023293 0.598912
0.000010 0.000010 0.999970 0.000010
0.000010 0.000010 0.000010 0.999970
0.154411 0.467153 0.000010 0.378427
0.000010 0.000010 0.000010 0.999970
0.991540 0.000010 0.008440 0.000010
0.000010 0.000010 0.022903 0.977077
0.118977 0.000010 0.000010 0.881003
0.150351 0.047532 0.000010 0.802107
0.524659 0.065445 0.034303 0.375594
0.993600 0.000010 0.006380 0.000010
0.000010 0.000010 0.023094 0.976886
0.165000 0.765839 0.011817 0.057344
0.208901 0.506712 0.026371 0.258016
0.217788 0.559755 0.000010 0.222447
0.196665 0.017856 0.046409 0.739070
0.682623 0.054325 0.029102 0.233950
0.598921 0.065489 0.019363 0.316227
0.000014 0.000010 0.147116 0.852859
0.000010 0.962129 0.037851 0.000010
0.142788 0.758870 0.000010 0.098332
0.000010 0.000010 0.999970 0.000010
0.536134 0.005308 0.128135 0.330423
0.000010 0.000010 0.999970 0.000010
0.748041 0.000010 0.043640 0.208309
0.694542 0.000010 0.062999 0.242449
0.849619 0.000010 0.026762 0.123609
0.532416 0.111440 0.000010 0.356135
0.057149 0.691712 0.048612 0.202527
0.094820 0.594369 0.011961 0.298850
0.000010 0.000010 0.035369 0.964611
0.000010 0.000010 0.180636 0.819344
0.000010 0.000010 0.999970 0.000010
0.000010 0.000010 0.000010 0.999970
0.000010 0.000010 0.000010 0.999970
0.999970 0.000010 0.000010 0.000010
0.633671 0.095420 0.000010 0.270899
0.000010 0.000010 0.000010 0.999970
0.999970 0.000010 0.000010 0.000010
0.000010 0.000010 0.999970 0.000010
0.000010 0.000010 0.000010 0.999970
0.350767 0.445277 0.009874 0.194082
0.000017 0.000010 0.000010 0.999963
0.082827 0.000010 0.000010 0.917153
0.999970 0.000010 0.000010 0.000010
0.000010 0.999970 0.000010 0.000010
0.000010 0.999970 0.000010 0.000010
0.187412 0.000010 0.156136 0.656442
0.542167 0.136389 0.031445 0.290000
0.155242 0.660337 0.050674 0.133746
0.087893 0.000010 0.000010 0.912087
0.384254 0.001945 0.247739 0.366062
0.733436 0.000010 0.024639 0.241915
0.636832 0.123761 0.000010 0.239397
0.000010 0.000010 0.000010 0.999970
0.859744 0.000010 0.069192 0.071054
0.806035 0.000010 0.056028 0.137927
0.065285 0.000010 0.000010 0.934695
0.000010 0.000010 0.000010 0.999970
0.000010 0.999970 0.000010 0.000010
0.999970 0.000010 0.000010 0.000010
0.859387 0.000010 0.000010 0.140593
0.058361 0.000010 0.007781 0.933849
0.686602 0.000114 0.000010 0.313274
0.177662 0.000010 0.000010 0.822318
0.000010 0.000010 0.999970 0.000010
0.000010 0.000010 0.000010 0.999970
0.000010 0.000010 0.031343 0.968637
0.999970 0.000010 0.000010 0.000010
0.025052 0.000010 0.974928 0.000010
0.510329 0.000010 0.123138 0.366523
0.898142 0.000010 0.035015 0.066833
0.322058 0.035023 0.163897 0.479023
0.624596 0.127592 0.000010 0.247802
0.672670 0.000010 0.163648 0.163672
0.000010 0.000010 0.140529 0.859451
0.484651 0.006921 0.205594 0.302834
0.000010 0.000010 0.999970 0.000010
0.834202 0.000010 0.149863 0.015925
0.999969 0.000011 0.000010 0.000010
0.996882 0.000010 0.000010 0.003098
0.000010 0.999970 0.000010 0.000010
0.000010 0.000010 0.011372 0.988608
0.000010 0.000010 0.999970 0.000010
0.000010 0.000010 0.000010 0.999970
0.091804 0.000010 0.022987 0.885199
0.544711 0.112682 0.014826 0.327781
0.000010 0.000010 0.999970 0.000010
0.595431 0.000010 0.104880 0.299678
0.385875 0.000010 0.072629 0.541486
0.000010 0.000010 0.999970 0.000010
0.291629 0.550994 0.008533 0.148844
0.668717 0.000010 0.208843 0.122430
0.093617 0.000010 0.096061 0.810312
0.476738 0.000010 0.270250 0.253003
0.742104 0.000010 0.110944 0.146942
0.813719 0.000010 0.034221 0.152051
0.000010 0.000010 0.999970 0.000010
0.000010 0.000010 0.999970 0.000010
0.077350 0.000010 0.024036 0.898604
0.078121 0.000010 0.000010 0.921859
0.114133 0.000010 0.038300 0.847557
0.089648 0.717976 0.046286 0.146089
0.095656 0.000010 0.043563 0.860771
0.110923 0.000010 0.171837 0.717230
0.546123 0.008468 0.240272 0.205137
0.130252 0.000010 0.025501 0.844237
0.000014 0.000010 0.000010 0.999966
0.069879 0.000010 0.056217 0.873895
0.794540 0.000010 0.093353 0.112097
0.000010 0.000010 0.083122 0.916858
0.000010 0.000010 0.000010 0.999970
0.986672 0.000010 0.000010 0.013308
0.086740 0.000010 0.000010 0.913240
0.760477 0.003397 0.152999 0.083126
0.186968 0.622805 0.019766 0.170461
0.523693 0.000010 0.041169 0.435127
0.212549 0.665993 0.024932 0.096525
0.000010 0.000010 0.137304 0.862676
0.000010 0.000010 0.000010 0.999970
0.056956 0.000010 0.943024 0.000010
0.122888 0.634531 0.104455 0.138125
0.860400 0.000010 0.139580 0.000010
0.639622 0.000010 0.175912 0.184456
0.557688 0.000010 0.235638 0.206663
0.000010 0.000010 0.983390 0.016590
0.000010 0.000010 0.000010 0.999970
0.000010 0.000010 0.000010 0.999970
0.694948 0.000010 0.067447 0.237595
0.113142 0.500535 0.013992 0.372331
0.000010 0.000010 0.000010 0.999970
0.240736 0.495823 0.027221 0.236220
0.666196 0.000010 0.213850 0.119944
0.000010 0.000010 0.999970 0.000010
0.641389 0.000010 0.130578 0.228023
0.924766 0.000010 0.026180 0.049045
0.089543 0.000010 0.000010 0.910437
0.717368 0.000010 0.018421 0.264202
0.000010 0.000010 0.051345 0.948635
0.760596 0.000010 0.107821 0.131573
0.198637 0.648032 0.016759 0.136572
0.000010 0.999970 0.000010 0.000010
0.740719 0.000010 0.069662 0.189609
0.000010 0.000010 0.000010 0.999970
0.229366 0.434188 0.000010 0.336435
0.036314 0.000010 0.021051 0.942625
0.999969 0.000011 0.000010 0.000010
0.000010 0.000010 0.999970 0.000010
0.713113 0.018924 0.097321 0.170642
0.849898 0.000010 0.033619 0.116473
0.000010 0.000010 0.000010 0.999970
0.231555 0.491364 0.000010 0.277071
0.071322 0.000010 0.024036 0.904632
0.355162 0.441131 0.000010 0.203697
0.000010 0.000010 0.999970 0.000010
0.000010 0.000010 0.027114 0.972866
0.115414 0.000010 0.000010 0.884566
0.000018 0.000017 0.000010 0.999956
0.555028 0.026905 0.120339 0.297727
0.155568 0.751472 0.043257 0.049703
0.000010 0.000010 0.000010 0.999970
0.079094 0.011482 0.047547 0.861876
0.853034 0.000010 0.000010 0.146946
0.810897 0.000010 0.000010 0.189083
0.391702 0.000010 0.045338 0.562950
0.999970 0.000010 0.000010 0.000010
0.051251 0.000010 0.061583 0.887156
0.856700 0.000010 0.014315 0.128975
0.000010 0.000010 0.865387 0.134593
0.000020 0.000010 0.000010 0.999960
0.000010 0.000010 0.004072 0.995908
0.333088 0.414502 0.000010 0.252399
0.642477 0.000010 0.099157 0.258356
0.506737 0.121142 0.042563 0.329558
0.000010 0.999970 0.000010 0.000010
0.563464 0.090741 0.025008 0.320788
0.000010 0.000010 0.000010 0.999970
0.510826 0.000010 0.160192 0.328972
0.143667 0.759683 0.005418 0.091231
0.560675 0.084976 0.000010 0.354339
0.000012 0.000010 0.000010 0.999968
0.000010 0.999970 0.000010 0.000010
0.553453 0.000010 0.153329 0.293208
0.000010 0.000010 0.000010 0.999970
0.000010 0.000010 0.000010 0.999970
0.611721 0.066157 0.052857 0.269265
0.157448 0.456225 0.000010 0.386317
0.497736 0.025271 0.189119 0.287874
0.337325 0.455417 0.010915 0.196343
0.188244 0.728932 0.000010 0.082814
0.000010 0.000010 0.999970 0.000010
0.000010 0.999970 0.000010 0.000010
0.078612 0.000010 0.000010 0.921368
0.999965 0.000015 0.000010 0.000010
0.118201 0.000010 0.050257 0.831532
0.650070 0.000010 0.055480 0.294440
0.039440 0.000010 0.028358 0.932191
0.137150 0.000010 0.000010 0.862830
0.000010 0.999970 0.000010 0.000010
0.780961 0.000010 0.064053 0.154976
0.960473 0.000010 0.039507 0.000010
0.287210 0.463540 0.000010 0.249240
0.000010 0.000010 0.999970 0.000010
0.079876 0.000010 0.000010 0.920104
0.048545 0.000010 0.058385 0.893059
0.000010 0.000010 0.000010 0.999970
0.508693 0.000010 0.155361 0.335936
0.004005 0.000010 0.000010 0.995975
0.000010 0.000010 0.000010 0.999970
0.684951 0.018419 0.115565 0.181065
0.788446 0.000010 0.000010 0.211534
0.732228 0.000010 0.104033 0.163729
0.812598 0.000010 0.000010 0.187382
0.677346 0.000010 0.174407 0.148236
0.726900 0.000010 0.000010 0.273080
0.022406 0.000010 0.070742 0.906842
0.320935 0.034051 0.207292 0.437722
0.565469 0.000010 0.221783 0.212739
0.448067 0.015554 0.061198 0.475180
0.574299 0.099594 0.071296 0.254810
0.599045 0.127249 0.000010 0.273695
0.000010 0.000010 0.999970 0.000010
0.023003 0.578966 0.062663 0.335369
0.086790 0.689398 0.039014 0.184798
0.085163 0.000010 0.053253 0.861574
0.999962 0.000010 0.000018 0.000010
0.984949 0.000010 0.015031 0.000010
0.000010 0.999970 0.000010 0.000010
0.249217 0.481675 0.008611 0.260498
0.634607 0.000010 0.126700 0.238682
0.211344 0.478083 0.000010 0.310562
0.999766 0.000010 0.000214 0.000010
0.046379 0.000010 0.000010 0.953601
0.027135 0.000010 0.091261 0.881594
0.999970 0.000010 0.000010 0.000010
0.737489 0.028994 0.099097 0.134420
0.067411 0.675056 0.071780 0.185754
0.312888 0.446654 0.014868 0.225591
0.000010 0.000010 0.000010 0.999970
0.999970 0.000010 0.000010 0.000010
0.691142 0.000010 0.061894 0.246954
0.999970 0.000010 0.000010 0.000010
0.000010 0.000010 0.000010 0.999970
0.000010 0.000010 0.000010 0.999970
0.558604 0.000010 0.088407 0.352979
0.000010 0.000010 0.999970 0.000010
0.940099 0.000010 0.000010 0.059881
0.539946 0.080871 0.009177 0.370006
0.000010 0.000010 0.999970 0.000010
0.000010 0.000010 0.000010 0.999970
0.033546 0.000010 0.152614 0.813830
0.999970 0.000010 0.000010 0.000010
0.999970 0.000010 0.000010 0.000010
0.999970 0.000010 0.000010 0.000010
0.000010 0.000010 0.000010 0.999970
0.005182 0.754679 0.126929 0.113209
0.000010 0.000010 0.000010 0.999970
0.221723 0.525161 0.044174 0.208942
0.644935 0.000010 0.000010 0.355045
0.807650 0.000010 0.063445 0.128895
0.533837 0.064638 0.017412 0.384113
0.736381 0.000010 0.060099 0.203510
0.999970 0.000010 0.000010 0.000010
0.000010 0.000010 0.999970 0.000010
0.000010 0.000010 0.000010 0.999970
0.000010 0.000010 0.000010 0.999970
0.152811 0.028984 0.013286 0.804919
0.876801 0.000012 0.000010 0.123177
0.000010 0.000010 0.000010 0.999970
0.675186 0.099456 0.000010 0.225348
0.159791 0.003959 0.196843 0.639406
0.136243 0.651251 0.025194 0.187313
0.000010 0.000010 0.000010 0.999970
0.114401 0.000010 0.024045 0.861544
0.690727 0.000010 0.148218 0.161045
0.167332 0.739842 0.014819 0.078008
0.128566 0.000010 0.005078 0.866346
0.528207 0.026299 0.069586 0.375908
0.000010 0.000010 0.999970 0.000010
0.707179 0.000010 0.047010 0.245800
0.097691 0.656759 0.008016 0.237534
0.000010 0.000010 0.028534 0.971446
0.000010 0.000010 0.000010 0.999970
0.000010 0.000010 0.999970 0.000010
0.000010 0.000010 0.999970 0.000010
0.579759 0.000010 0.103744 0.316487
0.000010 0.999970 0.000010 0.000010
0.120691 0.043559 0.027870 0.807881
0.007290 0.000010 0.000010 0.992690
0.069191 0.000010 0.171778 0.759021
0.379766 0.035476 0.058698 0.526060
0.000010 0.999970 0.000010 0.000010
0.999970 0.000010 0.000010 0.000010
0.359488 0.513282 0.000010 0.127220
0.434626 0.000010 0.245674 0.319690
0.758781 0.000010 0.022915 0.218293
0.176039 0.772139 0.000010 0.051812
0.030154 0.000010 0.000010 0.969826
0.109660 0.710096 0.000010 0.180234
0.000010 0.000010 0.065175 0.934805
0.000010 0.999970 0.000010 0.000010
0.000010 0.000010 0.160034 0.839946
0.000010 0.000010 0.012065 0.987915
0.089985 0.000010 0.033355 0.876650
0.000010 0.000010 0.000010 0.999970
0.495590 0.000010 0.041646 0.462754
0.999970 0.000010 0.000010 0.000010
0.691784 0.068521 0.031711 0.207984
0.000010 0.000010 0.999970 0.000010
0.000014 0.000010 0.000010 0.999966
0.000010 0.000010 0.999970 0.000010
0.000010 0.999970 0.000010 0.000010
0.000010 0.000010 0.999970 0.000010
0.000019 0.000010 0.000010 0.999961
0.899450 0.000010 0.046037 0.054504
0.000010 0.000010 0.065357 0.934623
0.000010 0.000010 0.000010 0.999970
0.000010 0.999970 0.000010 0.000010
0.590762 0.034393 0.134140 0.240706
0.000010 0.000010 0.999970 0.000010
0.880514 0.028114 0.000010 0.091362
0.063840 0.000010 0.033033 0.903117
0.000010 0.000010 0.000010 0.999970
0.000010 0.000010 0.051660 0.948320
0.000010 0.000010 0.999970 0.000010
0.623934 0.128026 0.022285 0.225755
0.000010 0.999970 0.000010 0.000010
0.692866 0.110631 0.020939 0.175564
0.113786 0.650953 0.004579 0.230682
0.999970 0.000010 0.000010 0.000010
0.999970 0.000010 0.000010 0.000010
0.000010 0.000010 0.000010 0.999970
0.514719 0.070303 0.056957 0.358021
0.541588 0.097060 0.073356 0.287996
0.000010 0.000010 0.000010 0.999970
0.000010 0.000010 0.999970 0.000010
0.911497 0.000010 0.032289 0.056204
0.280381 0.471471 0.024338 0.223811
0.000010 0.000010 0.000010 0.999970
0.569749 0.000010 0.095290 0.334951
0.883328 0.000010 0.021477 0.095185
0.767146 0.000010 0.158718 0.074126
0.028935 0.000010 0.971045 0.000010
0.004943 0.000010 0.071210 0.923837
0.764453 0.026889 0.047418 0.161240
0.853862 0.000010 0.026099 0.120029
0.664910 0.013683 0.077448 0.243958
0.374648 0.000010 0.026755 0.598587
0.710564 0.073455 0.038549 0.177431
0.475369 0.095384 0.039060 0.390186
0.793930 0.000010 0.059151 0.146909
0.000010 0.000010 0.115420 0.884560
0.999970 0.000010 0.000010 0.000010
0.744469 0.004532 0.027161 0.223837
0.000012 0.000010 0.000010 0.999968
0.693515 0.000010 0.143305 0.163170
0.024425 0.000010 0.975555 0.000010
0.000010 0.000010 0.000010 0.999970
0.000010 0.000010 0.997358 0.002622
0.514935 0.086130 0.127637 0.271297
0.051982 0.000010 0.000010 0.947998
0.000010 0.000010 0.999970 0.000010
0.133611 0.000010 0.000010 0.866369
0.245973 0.609189 0.016369 0.128468
0.000010 0.000010 0.999970 0.000010
0.945397 0.000010 0.008676 0.045917
0.000010 0.000010 0.030544 0.969436
0.000010 0.000010 0.991022 0.008958
0.000010 0.000010 0.022747 0.977233
0.501930 0.000010 0.163653 0.334406
0.617228 0.000010 0.197642 0.185121
0.189263 0.059176 0.046496 0.705066
0.999970 0.000010 0.000010 0.000010
0.000010 0.962347 0.037531 0.000112
0.000010 0.000010 0.999970 0.000010
0.116118 0.023242 0.115758 0.744882
0.435883 0.000010 0.105973 0.458134
0.709263 0.000010 0.259627 0.031101
0.191232 0.000010 0.000010 0.808748
0.000010 0.000010 0.038765 0.961215
0.561127 0.024073 0.079316 0.335484
0.105276 0.483129 0.000010 0.411585
0.000010 0.999970 0.000010 0.000010
0.669236 0.000010 0.036962 0.293792
0.887911 0.000010 0.001805 0.110274
0.118088 0.657984 0.038618 0.185310
0.189556 0.566408 0.023542 0.220493
0.999961 0.000019 0.000010 0.000010
0.578194 0.144468 0.000010 0.277328
0.176901 0.069419 0.009957 0.743723
0.000010 0.000010 0.999970 0.000010
0.778883 0.000010 0.189544 0.031563
0.566811 0.105173 0.035736 0.292280
0.999970 0.000010 0.000010 0.000010
0.000010 0.000010 0.999970 0.000010
0.000010 0.000010 0.999970 0.000010
0.582051 0.109400 0.000010 0.308539
0.000010 0.000010 0.999970 0.000010
0.999970 0.000010 0.000010 0.000010
0.999970 0.000010 0.000010 0.000010
0.037784 0.000010 0.164899 0.797307
0.491934 0.000010 0.234107 0.273950
0.000010 0.999970 0.000010 0.000010
0.999970 0.000010 0.000010 0.000010
0.999970 0.000010 0.000010 0.000010
0.010763 0.719352 0.095875 0.174010
0.713210 0.083651 0.038935 0.164204
0.000010 0.000010 0.000010 0.999970
0.077511 0.644954 0.053371 0.224164
0.999970 0.000010 0.000010 0.000010
0.000010 0.000010 0.020073 0.979907
0.000010 0.999970 0.000010 0.000010
0.193127 0.591431 0.008927 0.206515
0.977298 0.000010 0.022682 0.000010
0.000010 0.000010 0.000010 0.999970
0.646965 0.052852 0.059705 0.240478
0.999970 0.000010 0.000010 0.000010
0.152994 0.604379 0.033995 0.208631
0.000010 0.000015 0.000010 0.999965
0.188354 0.000010 0.033589 0.778047
0.979342 0.000010 0.000010 0.020638
0.127703 0.614967 0.048451 0.208880
0.000010 0.000010 0.999970 0.000010
0.600995 0.085348 0.007076 0.306581
0.000010 0.999970 0.000010 0.000010
0.735256 0.000010 0.243334 0.021400
0.372164 0.487159 0.000010 0.140667
0.077597 0.574144 0.052749 0.295510
0.999970 0.000010 0.000010 0.000010
