Generation	Ne_diploids
1	1099.3
2	1099.3
3	1099.3
4	1099.3
5	1100.84
6	1101.12
7	1098.16
8	1097.53
9	1110.4
10	1073.69
11	917.3
12	773.132
13	545.149
14	489.563
15	328.543
16	242.805
17	216.688
18	204.614
19	179.556
20	174.948
21	172.157
22	170.291
23	160.904
24	158.781
25	155.926
26	154.476
27	153.428
28	152.495
29	162.13
30	161.026
31	161.215
32	167.487
33	167.865
34	180.029
35	179.669
36	197.676
37	215.656
38	220.521
39	226.481
40	226.572
41	258.478
42	279.338
43	282.3
44	317.46
45	445.64
46	516.378
47	726.872
48	1247.52
49	1509.27
50	2547.97
51	2759.43
52	3639.42
53	4045.09
54	4988.67
55	5127.61
56	5804.96
57	5918.7
58	5871.92
59	5892.39
60	6009.7
61	6025.19
62	6106.44
63	6180.48
64	6267.34
65	6325.41
66	6298.85
67	6307.72
68	6347.71
69	6295.93
70	6310.08
71	6298.53
72	6199.14
73	6171.34
74	6143.4
75	6172.69
76	6219.67
77	6274.68
78	6304.33
79	6346.25
80	6351.89
81	6367.95
82	6292.64
83	6295.89
84	6380.9
85	6394.01
86	6568.56
87	6711.85
88	6804.02
89	6795.68
90	6781.08
91	6754.08
92	6693.14
93	6654.81
94	6646.73
95	6600.91
96	6638.61
97	6690.04
98	6693.02
99	6722.19
100	6776.74
101	6878.93
102	6955.66
103	7058.02
104	7234.97
105	7351.1
106	7466.47
107	7543.34
108	7447.6
109	7373.34
110	7284.46
111	7234.51
112	7247.43
113	7310.85
114	7350.25
115	7407.69
116	7441.76
117	7492.15
118	7527.42
119	7556.9
120	7565.6
121	7545.43
122	7515.94
123	7551.17
124	7571.89
125	7575.07
126	7556.07
127	7552.2
128	7575.15
129	7576.67
130	7620.35
131	7593.15
132	7547.38
133	7507.23
134	7430.11
135	7414.73
136	7391.9
137	7417.59
138	7439.65
139	7441.64
140	7482.39
141	7420.9
142	7419.78
143	7364.76
144	7386.06
145	7347.51
146	7303.96
147	7285.45
148	7219.48
149	7198.1
150	6918.72
