c_bin	number_of_SNP_pairs	Observed_d2	Predicted_d2
0.04104980	6809934228	0.07033910	0.07019266
0.02895290	3497016370	0.07317470	0.07346277
0.02240290	2130934435	0.07534150	0.07575552
0.01828030	1427804856	0.07710240	0.07743777
0.01544650	1017510516	0.07857450	0.07872112
0.01337300	765948442	0.07963370	0.07973714
0.01179120	596521163	0.08037140	0.08056534
0.01054590	478312504	0.08120210	0.08125881
0.00953802	390285081	0.08168060	0.08185608
0.00870592	327878591	0.08260500	0.08238273
0.00800799	276850334	0.08344840	0.08285686
0.00741449	237657931	0.08379470	0.08329183
0.00690187	206050534	0.08401760	0.08369899
0.00645617	180188218	0.08431430	0.08408397
0.00606378	159542740	0.08516120	0.08445334
0.00571747	141602065	0.08556310	0.08480890
0.00540839	126219590	0.08585070	0.08515487
0.00513030	113348416	0.08591390	0.08549390
0.00487988	102753463	0.08605590	0.08582580
0.00465281	93195576	0.08650070	0.08615216
0.00444606	85214948	0.08667060	0.08647353
0.00425674	78125179	0.08705710	0.08679086
0.00408283	71716509	0.08704020	0.08710425
0.00392261	66304925	0.08734790	0.08741370
0.00377450	61202009	0.08760770	0.08771937
0.00363708	57243864	0.08820540	0.08802152
0.00350956	53217425	0.08832400	0.08831937
0.00339057	49786535	0.08882160	0.08861378
0.00327920	46253626	0.08895010	0.08890492
0.00317513	43454289	0.08888280	0.08919165
0.00307743	41089607	0.08891910	0.08947464
0.00298549	38602723	0.08955220	0.08975400
0.00289898	36666486	0.09006080	0.09002913
0.00281729	34465651	0.08975380	0.09030053
0.00274005	32652953	0.08976070	0.09056808
0.00266703	30694296	0.09056600	0.09083130
0.00259776	29153849	0.09067370	0.09109073
0.00253195	27616794	0.09154700	0.09134639
0.00246935	26443782	0.09126440	0.09159827
0.00240991	25016187	0.09150210	0.09184562
0.00235316	23798993	0.09206880	0.09208952
0.00229902	22780170	0.09239450	0.09232954
0.00222293	43088997	0.09226678	0.09267950
0.00212826	39632340	0.09299409	0.09313660
0.00204131	36470144	0.09350275	0.09357895
0.00196124	33482970	0.09392497	0.09400655
0.00188721	31010683	0.09369871	0.09442012
0.00181854	29056027	0.09400102	0.09482024
0.00175472	27047292	0.09485420	0.09520705
0.00169529	25048268	0.09497045	0.09558081
0.00163963	23364885	0.09549451	0.09594321
0.00158753	22001946	0.09542662	0.09629365
0.00151607	40568595	0.09644850	0.09679284
0.00142937	36031188	0.09736008	0.09742853
0.00135198	32276193	0.09809885	0.09802547
0.00128262	29129077	0.09866714	0.09858542
0.00121999	26305352	0.09993448	0.09911243
0.00116316	23976471	0.10084876	0.09960882
0.00111144	22171114	0.10096763	0.10007647
0.00104296	38737728	0.10195828	0.10071965
