c_bin	number_of_SNP_pairs	Observed_d2	Predicted_d2
0.04104920	5867893341	0.10273100	0.10326177
0.02895360	3014092437	0.10731800	0.10778629
0.02240290	1837714707	0.11037500	0.11067036
0.01827920	1230721165	0.11286900	0.11267074
0.01544620	877927853	0.11477300	0.11414049
0.01337300	660895647	0.11551800	0.11527482
0.01179130	515240207	0.11645100	0.11618302
0.01054600	413054269	0.11701900	0.11693399
0.00953815	336938938	0.11756200	0.11757511
0.00870577	283214144	0.11836000	0.11813722
0.00800806	238999638	0.11837800	0.11864080
0.00741429	205075452	0.11921000	0.11910167
0.00690197	177959314	0.12006300	0.11953148
0.00645608	155512795	0.12013800	0.11993728
0.00606385	137589451	0.12108400	0.12032535
0.00571755	122197003	0.12193200	0.12069806
0.00540831	108960681	0.12180100	0.12105995
0.00513036	97940823	0.12182500	0.12141319
0.00487988	88747723	0.12139600	0.12175822
0.00465277	80462547	0.12221100	0.12209645
0.00444607	73555871	0.12262900	0.12242833
0.00425673	67503616	0.12256100	0.12275513
0.00408283	61910419	0.12284500	0.12307684
0.00392261	57285850	0.12358700	0.12339356
0.00377447	52799784	0.12497300	0.12370554
0.00363708	49466475	0.12445400	0.12401291
0.00350955	46045819	0.12499800	0.12431514
0.00339059	43033262	0.12482500	0.12461297
0.00327918	39945094	0.12487300	0.12490690
0.00317513	37543114	0.12494700	0.12519548
0.00307742	35575639	0.12544400	0.12547968
0.00298554	33395074	0.12569400	0.12575936
0.00289899	31651878	0.12578800	0.12603450
0.00281729	29781666	0.12541900	0.12630521
0.00274005	28235114	0.12547100	0.12657148
0.00266702	26604014	0.12592100	0.12683297
0.00259776	25221817	0.12608000	0.12709011
0.00253195	23909825	0.12594300	0.12734308
0.00246935	22904275	0.12650200	0.12759186
0.00240992	21628495	0.12689600	0.12783569
0.00235316	20577664	0.12799200	0.12807582
0.00229901	19662069	0.12907300	0.12831174
0.00222294	37187932	0.12873699	0.12865489
0.00212824	34247223	0.12871220	0.12910229
0.00204131	31513718	0.12926522	0.12953379
0.00196125	28872049	0.12992869	0.12994986
0.00188718	26778350	0.13051698	0.13035166
0.00181853	25097735	0.12977848	0.13073917
0.00175473	23364064	0.13082040	0.13111300
0.00169530	21624645	0.13090137	0.13147358
0.00163963	20184323	0.13099805	0.13182266
0.00158753	19002474	0.13120958	0.13215957
0.00151604	35062390	0.13194805	0.13263872
0.00142940	31118068	0.13393561	0.13324665
0.00135195	27889378	0.13424409	0.13381677
0.00128263	25235713	0.13415271	0.13434956
0.00122001	22721763	0.13573424	0.13485001
0.00116315	20690706	0.13679621	0.13532081
0.00111145	19131518	0.13649706	0.13576307
0.00104292	33421408	0.13807366	0.13637092
