Generation	Ne_diploids
1	216.339
2	216.339
3	216.339
4	216.339
5	225.231
6	227.753
7	225.705
8	226.3
9	222.448
10	208.627
11	206.757
12	196.446
13	189.983
14	251.301
15	271.794
16	381.609
17	645.476
18	1524.98
19	3058.44
20	13563.5
21	22579.9
22	27672.2
23	28591.5
24	30931.4
25	31481.1
26	31821.6
27	32000.5
28	31848.6
29	32091.1
30	32227.4
31	32617
32	32689.3
33	32273.1
34	33522.9
35	38576.8
36	38533.7
37	38267.5
38	38183.4
39	37709.3
40	37999.6
41	37932.1
42	37652
43	37297.6
44	37746.8
45	37112.9
46	37430.4
47	37930
48	38024
49	38811.1
50	39573.6
51	39965.2
52	39990
53	40059.7
54	40062.9
55	39746.7
56	39805.6
57	41464.6
58	42570.5
59	42661.9
60	42477
61	42385.6
62	42490.1
63	42698.5
64	43007.2
65	43300
66	43756.9
67	44272.4
68	44189.5
69	44391.9
70	44736.9
71	44552.2
72	44135.6
73	43972.3
74	43844.4
75	43752.3
76	43652.3
77	43596.9
78	43574.6
79	43289.6
80	43040.1
81	43213.8
82	43361.6
83	43606.8
84	44147.2
85	44737.6
86	44318.5
87	44368.2
88	44334.7
89	44607
90	44543.6
91	44168.6
92	44202.1
93	43842.5
94	43530.3
95	43472.6
96	43565.2
97	43783
98	44288.3
99	44537.3
100	44680.1
101	44554.3
102	44358.2
103	44131.7
104	44473.3
105	44829.1
106	45368.3
107	46076
108	46371.9
109	45629.2
110	44980.7
111	44294.6
112	45207.1
113	45389.4
114	46121.7
115	46536.5
116	46298.3
117	46211.2
118	45499.5
119	45458.3
120	45292
121	45390.6
122	45555.2
123	45611.6
124	45823.1
125	45983
126	46025.3
127	46351.3
128	46543
129	46968.7
130	47037.5
131	46867.6
132	46673.6
133	46385
134	46319.4
135	46302.1
136	46566.3
137	47121.8
138	47624.1
139	47338.1
140	47785
141	47760.7
142	47503.6
143	46951.3
144	46799.9
145	46638.9
146	46445
147	46669.7
148	47002.4
149	46534.1
150	46854.3
