Generation	Ne_diploids
1	1307.16
2	1307.16
3	1307.16
4	1307.16
5	1227.89
6	1190.27
7	1170.64
8	1166.79
9	1173.74
10	1152.04
11	1145.04
12	1136.52
13	1163.93
14	1237.03
15	1281.26
16	1334.78
17	1403.49
18	1458.45
19	1520.03
20	1596.38
21	1659.66
22	1899.87
23	2332.25
24	3233.14
25	4794.02
26	5441.15
27	6524.79
28	6634.64
29	6738.66
30	7384.4
31	7563.89
32	8728.42
33	9970.01
34	11850.9
35	13106.1
36	14372.1
37	14519.5
38	15290.6
39	15821.9
40	15750.6
41	15829.5
42	16063.8
43	16038.4
44	16181.9
45	16282.8
46	16229.1
47	16419
48	16529.7
49	16792.6
50	16847.1
51	16950.3
52	16982.8
53	16994.6
54	16873.7
55	16867.4
56	16787
57	16679
58	16697.7
59	16714.4
60	16694.9
61	16676.4
62	16692.1
63	16727
64	16666
65	16702.4
66	16745.6
67	16614.8
68	16423.6
69	16223.1
70	15958.6
71	15816.5
72	15863.5
73	15963.6
74	15841.7
75	15790.5
76	15767.2
77	15793
78	15793.5
79	15792.1
80	15732.9
81	15489.7
82	15508.8
83	15655
84	15857.8
85	15834.9
86	15709.4
87	15690.2
88	15590.7
89	15400.9
90	15206.7
91	15050.7
92	14829.6
93	14679.4
94	14533
95	14359.5
96	14392.6
97	14619.1
98	14807.8
99	15008.7
100	15082.3
101	15132.9
102	15021
103	14839.3
104	14772.8
105	14686.8
106	14566.2
107	14431.5
108	14366.7
109	14373.1
110	14404.2
111	14320.1
112	14267.4
113	14368.5
114	14404.9
115	14232.2
116	14074.2
117	13979.5
118	13948.4
119	13839
120	13818.3
121	13789.1
122	13987.1
123	14050
124	14106
125	13995.7
126	13940.9
127	13794.6
128	13695.9
129	13543.2
130	13474.5
131	13386.2
132	13314.1
133	13276.2
134	13252.7
135	13289.8
136	13308.5
137	13324.3
138	13328.6
139	13340.5
140	13341.2
141	13247.6
142	13261.6
143	13255.6
144	13199.3
145	13175.2
146	13109.3
147	13008
148	12965
149	12907.4
150	12932.8
