# Estimate of historical Ne using observed LD  of different recombination bis. This is an
# extension to a subdivided population model of the Hayes et al. (2003) approach and
# should be considered an approximate trend.
#
# Number of subpopulations:
6
# Fst:
0.05884009
# Migration rate:
0.00161430
#
# Rec_rate_bin	generation	N_T_metapop	Ne_metapop	d²_metapop
0.50000	1	10128.98	10762.23	0.00008227
0.09799	5	5822.40	6186.41	0.00046478
0.04778	10	5123.70	5444.02	0.00104633
0.03210	16	5287.94	5618.53	0.00149367
0.02423	21	5922.14	6292.38	0.00175824
0.01948	26	6502.26	6908.77	0.00198571
0.01629	31	7368.40	7829.07	0.00209108
0.01400	36	8280.77	8798.48	0.00216243
0.01228	41	9048.21	9613.89	0.00225415
0.01093	46	9961.37	10584.14	0.00229744
0.00985	51	10724.97	11395.48	0.00236585
0.00897	56	11463.43	12180.11	0.00243059
0.00823	61	12153.61	12913.44	0.00249680
0.00760	66	12951.84	13761.57	0.00253486
0.00706	71	13642.97	14495.91	0.00258863
0.00660	76	14269.64	15161.75	0.00264886
0.00619	81	14483.59	15389.09	0.00278067
0.00583	86	15051.47	15992.47	0.00284035
0.00551	91	15457.19	16423.55	0.00292619
0.00522	96	15776.38	16762.70	0.00302393
0.00496	101	16434.17	17461.62	0.00305375
0.00473	106	16774.98	17823.73	0.00313910
0.00451	111	17261.02	18340.16	0.00319429
0.00432	116	17533.10	18629.25	0.00328570
0.00414	121	17700.29	18806.89	0.00339416
0.00397	126	17574.52	18673.26	0.00355849
0.00382	131	17155.62	18228.16	0.00378796
0.00368	136	17422.32	18511.54	0.00387175
0.00355	141	17604.08	18704.67	0.00397144
0.00343	146	17909.21	19028.87	0.00404173
0.00332	151	17861.16	18977.82	0.00418985
0.00321	156	17490.88	18584.39	0.00441800
0.00311	161	17931.13	19052.16	0.00444753
0.00302	166	17657.86	18761.81	0.00465430
0.00293	171	18057.99	19186.95	0.00468797
0.00284	176	17602.18	18702.65	0.00494691
0.00277	181	18079.04	19209.32	0.00495333
0.00269	186	18082.67	19213.17	0.00508731
0.00262	191	17830.52	18945.26	0.00529560
0.00255	196	17804.27	18917.37	0.00544054
0.00249	201	17815.60	18929.40	0.00557428
0.00243	206	17699.55	18806.10	0.00574774
0.00237	211	17270.69	18350.43	0.00602981
0.00232	216	17429.88	18519.57	0.00611519
0.00226	221	17229.51	18306.68	0.00632665
0.00219	228	17133.37	18204.53	0.00657252
0.00210	238	16876.59	17931.69	0.00695840
0.00201	248	16685.36	17728.51	0.00732735
0.00194	258	16877.63	17932.80	0.00753214
0.00186	268	16625.99	17665.42	0.00793523
0.00180	278	16473.46	17503.36	0.00829988
0.00173	288	16355.09	17377.59	0.00865317
0.00168	298	16141.21	17150.33	0.00906355
0.00160	313	16110.43	17117.63	0.00952312
0.00150	333	15768.96	16754.82	0.01033121
0.00142	353	15489.57	16457.96	0.01112914
0.00134	373	15224.91	16176.75	0.01194189
0.00127	393	14934.93	15868.64	0.01280100
0.00121	413	14684.11	15602.14	0.01365514
0.00113	443	14501.12	15407.71	0.01478053
0.00104	481	14264.99	15156.82	0.01627200
