Generation	Ne_diploids
1	1384.35
2	1384.35
3	1384.35
4	1384.35
5	1085.07
6	996.7
7	945.99
8	744.204
9	204.381
10	127.028
11	114.28
12	75.7324
13	61.6948
14	62.3052
15	64.4195
16	138.92
17	1467.26
18	3824.43
19	5151.31
20	6724.42
21	19282.8
22	27195.7
23	37911.1
24	43537.1
25	53460.2
26	52834.4
27	51286.4
28	49878.7
29	49622.6
30	49740.3
31	50684.6
32	51991.8
33	52147.8
34	52822.6
35	52879
36	52797.3
37	52621.9
38	53138
39	54196.6
40	54930.3
41	55224.7
42	55486.6
43	55390
44	55681.8
45	55883.8
46	55783.2
47	55212.8
48	55981.7
49	57033.3
50	57529.3
51	57990.6
52	58143.5
53	58604.3
54	58013.1
55	58000.7
56	58796
57	58886.3
58	59358.2
59	59812.6
60	60157.7
61	60558
62	59995.6
63	59985.3
64	59695.1
65	60521.6
66	60847.4
67	61070.8
68	61209
69	61607.1
70	61397.8
71	61980.7
72	62343.5
73	62006.8
74	61998.3
75	62127.5
76	63020.2
77	62995.6
78	63395.9
79	62885.6
80	62082.2
81	61703.3
82	61300.9
83	60609.1
84	60854.6
85	61245.6
86	61451.8
87	61776.2
88	62133.8
89	61745.6
90	61684
91	60678
92	60435.4
93	61196.8
94	62443.4
95	63077.8
96	62755.6
97	62561.5
98	62407.7
99	61898.1
100	62787.6
101	63959.6
102	63285.3
103	61925.4
104	60516.4
105	60239.1
106	60231.3
107	59619.5
108	59720.1
109	59282.4
110	59550.8
111	59238.6
112	59115.6
113	58868.8
114	58875.7
115	59233.9
116	59416.9
117	59669
118	59938.2
119	59617.6
120	59312.7
121	59111.8
122	58846.3
123	58154.6
124	57366.3
125	56605.4
126	55971
127	55367.9
128	55752.4
129	55701.5
130	56207.3
131	56567.3
132	57652.3
133	57834.4
134	58124.9
135	58062.7
136	57802.5
137	57703.1
138	57182.9
139	56735.4
140	55582
141	55293.7
142	54569.8
143	54231.9
144	54206
145	54234.9
146	54056
147	53879.7
148	54217.4
149	54660.7
150	54795.5
