c_bin	number_of_SNP_pairs	Observed_d2	Predicted_d2
0.04104490	4398369513	0.13047100	0.13014579
0.02895040	2266252571	0.13728500	0.13735885
0.02240440	1381833422	0.14395300	0.14378605
0.01827890	925532347	0.14904600	0.14929460
0.01544710	660115941	0.15322000	0.15396359
0.01337290	496906996	0.15812200	0.15795898
0.01179180	387022238	0.16120400	0.16139695
0.01054590	309949872	0.16421400	0.16438601
0.00953807	253351883	0.16675800	0.16701213
0.00870592	212745290	0.16938200	0.16934094
0.00800798	180036494	0.17085400	0.17142139
0.00741489	154489037	0.17399700	0.17329258
0.00690183	133663000	0.17450600	0.17499770
0.00645622	116896390	0.17664100	0.17655185
0.00606369	103856795	0.17893400	0.17798412
0.00571748	92071488	0.17971400	0.17930235
0.00540834	82231228	0.18188200	0.18052794
0.00513034	73714270	0.18302700	0.18167345
0.00487990	66744681	0.18276300	0.18274427
0.00465291	60312613	0.18463900	0.18374986
0.00444604	55278410	0.18408900	0.18469813
0.00425671	50588487	0.18554100	0.18559503
0.00408284	46346738	0.18561100	0.18644527
0.00392263	43023473	0.18659600	0.18725311
0.00377454	39700940	0.18854400	0.18802231
0.00363709	37088739	0.18914800	0.18875703
0.00350960	34491163	0.19000300	0.18945767
0.00339056	32245365	0.18991500	0.19012966
0.00327922	29971131	0.19083000	0.19077474
0.00317513	28158484	0.19023000	0.19139320
0.00307742	26644570	0.19145500	0.19198807
0.00298551	25071081	0.19231800	0.19256100
0.00289897	23794913	0.19338800	0.19311295
0.00281730	22382728	0.19337800	0.19364552
0.00274008	21220131	0.19358800	0.19416002
0.00266703	19916921	0.19459800	0.19465698
0.00259779	18859494	0.19550300	0.19513764
0.00253195	17843203	0.19631200	0.19560376
0.00246936	17065019	0.19576400	0.19605539
0.00240991	16184771	0.19554400	0.19649236
0.00235314	15388059	0.19721200	0.19691718
0.00229901	14776709	0.19743300	0.19732937
0.00222299	27892927	0.19807068	0.19792048
0.00212822	25681022	0.19712208	0.19867829
0.00204135	23671850	0.19843481	0.19939466
0.00196124	21756267	0.20062777	0.20007462
0.00188719	20145720	0.20057094	0.20072074
0.00181858	18841306	0.20134251	0.20133506
0.00175473	17511053	0.20175731	0.20192115
0.00169529	16247808	0.20188102	0.20247974
0.00163964	15156973	0.20372070	0.20301448
0.00158753	14264904	0.20327582	0.20352596
0.00151601	26254637	0.20465058	0.20424563
0.00142936	23394441	0.20494934	0.20514648
0.00135197	20937150	0.20564876	0.20597944
0.00128264	18918338	0.20598001	0.20674982
0.00121998	17037145	0.20782976	0.20746665
0.00116315	15531878	0.20976896	0.20813472
0.00111141	14365410	0.20968253	0.20875830
0.00104294	25103850	0.20934224	0.20960743
