c_bin	number_of_SNP_pairs	Observed_d2	Predicted_d2
0.04104580	6031342783	0.07615800	0.07623802
0.02895140	3106130935	0.07920340	0.07886993
0.02240350	1894673819	0.08162610	0.08157612
0.01827960	1268181804	0.08437820	0.08427428
0.01544630	905232627	0.08697140	0.08687585
0.01337330	681481004	0.08964800	0.08934141
0.01179150	530760133	0.09102790	0.09164953
0.01054600	425179474	0.09293480	0.09379570
0.00953791	346996034	0.09535940	0.09579166
0.00870602	291613394	0.09731680	0.09764661
0.00800794	246266832	0.09930190	0.09937323
0.00741467	211175781	0.10113200	0.10098183
0.00690195	182897524	0.10276800	0.10249193
0.00645615	160127196	0.10378000	0.10390773
0.00606382	141889524	0.10540500	0.10524312
0.00571743	126037444	0.10688600	0.10650023
0.00540833	112628459	0.10832100	0.10769101
0.00513042	101035008	0.10870900	0.10882327
0.00487993	91387794	0.10961300	0.10989897
0.00465283	82951142	0.11115800	0.11092385
0.00444599	75887815	0.11220600	0.11190213
0.00425677	69417398	0.11336100	0.11283777
0.00408285	63789228	0.11361300	0.11373485
0.00392261	59054586	0.11508400	0.11459526
0.00377451	54434623	0.11583400	0.11542151
0.00363710	50911837	0.11654600	0.11621662
0.00350961	47405218	0.11773600	0.11698047
0.00339058	44227033	0.11796200	0.11771774
0.00327920	41104320	0.11862400	0.11842996
0.00317514	38640911	0.11895900	0.11911598
0.00307742	36590080	0.11958500	0.11977927
0.00298554	34376067	0.12043000	0.12042063
0.00289898	32589907	0.12102300	0.12104129
0.00281732	30581619	0.12187600	0.12164212
0.00274002	29043689	0.12172500	0.12222513
0.00266704	27318786	0.12317800	0.12278884
0.00259777	25961387	0.12406100	0.12333627
0.00253196	24573743	0.12377300	0.12386797
0.00246934	23596025	0.12350400	0.12438477
0.00240991	22306351	0.12431000	0.12488538
0.00235316	21242222	0.12432100	0.12537296
0.00229902	20287672	0.12484800	0.12584705
0.00222301	38254101	0.12620574	0.12652796
0.00212822	35274359	0.12729332	0.12740308
0.00204135	32425785	0.12854147	0.12823188
0.00196126	29848239	0.12892789	0.12901962
0.00188719	27587327	0.12957804	0.12976940
0.00181853	25869682	0.13007997	0.13048340
0.00175473	24065118	0.13079455	0.13116401
0.00169528	22279358	0.13156657	0.13181361
0.00163962	20822574	0.13250115	0.13243563
0.00158755	19544739	0.13303715	0.13303012
0.00151605	36048084	0.13363483	0.13386701
0.00142936	32084625	0.13428953	0.13491500
0.00135197	28728890	0.13599285	0.13588287
0.00128261	25930834	0.13744960	0.13677748
0.00122000	23456430	0.13838058	0.13760803
0.00116316	21380797	0.13906856	0.13838158
0.00111144	19709734	0.13908950	0.13910237
0.00104293	34421975	0.14020801	0.14008273
