c_bin	number_of_SNP_pairs	Observed_d2	Predicted_d2
0.04104500	4606378381	0.13256700	0.13242541
0.02895410	2369426158	0.14291400	0.14409366
0.02240460	1444264679	0.15120600	0.15212426
0.01827870	966219156	0.15742500	0.15795383
0.01544620	689198700	0.16241000	0.16236397
0.01337330	519490025	0.16643000	0.16583993
0.01179110	404349056	0.16834600	0.16866302
0.01054590	324132277	0.17062900	0.17101184
0.00953782	265020451	0.17341500	0.17301525
0.00870570	222579109	0.17577800	0.17475447
0.00800777	187745218	0.17749700	0.17628701
0.00741456	161025329	0.17890100	0.17765432
0.00690191	139669431	0.18028700	0.17889372
0.00645617	122195228	0.18124200	0.18002310
0.00606379	108275665	0.18260200	0.18106396
0.00571755	96156204	0.18300500	0.18202439
0.00540837	85695690	0.18419900	0.18292000
0.00513041	77093615	0.18417500	0.18375971
0.00487988	69644690	0.18498900	0.18454789
0.00465282	63178966	0.18603800	0.18529067
0.00444606	57811041	0.18499200	0.18599290
0.00425667	53063304	0.18586800	0.18665974
0.00408284	48677588	0.18706000	0.18729333
0.00392265	45003518	0.18751800	0.18789688
0.00377447	41582244	0.18876800	0.18847319
0.00363703	38930809	0.18907800	0.18902426
0.00350964	36186092	0.18869900	0.18955011
0.00339056	33872073	0.18939000	0.19005556
0.00327920	31325718	0.19146700	0.19054105
0.00317518	29463820	0.19134700	0.19100630
0.00307739	27908093	0.19119900	0.19145454
0.00298552	26179937	0.19131600	0.19188568
0.00289898	24860935	0.19241900	0.19230106
0.00281728	23398777	0.19214000	0.19270180
0.00274007	22199701	0.19288700	0.19308846
0.00266705	20885682	0.19310800	0.19346151
0.00259778	19769904	0.19317500	0.19382225
0.00253195	18712844	0.19366500	0.19417145
0.00246931	17948291	0.19321400	0.19450969
0.00240990	17013073	0.19299400	0.19483601
0.00235318	16168655	0.19381600	0.19515271
0.00229902	15459419	0.19457200	0.19545995
0.00222298	29153380	0.19560033	0.19589954
0.00212819	26816768	0.19608753	0.19646134
0.00204133	24733666	0.19567083	0.19699029
0.00196126	22735834	0.19574554	0.19749032
0.00188720	21043281	0.19692915	0.19796387
0.00181853	19700091	0.19708386	0.19841277
0.00175473	18363814	0.19829540	0.19883857
0.00169529	17055781	0.19787382	0.19924310
0.00163963	15884339	0.19817537	0.19962897
0.00158751	14932581	0.19865319	0.19999664
0.00151607	27558099	0.20096883	0.20051084
0.00142934	24495742	0.20133443	0.20115156
0.00135196	21954957	0.20191832	0.20173907
0.00128261	19811219	0.20256815	0.20227877
0.00122000	17829931	0.20443727	0.20277710
0.00116317	16257881	0.20650536	0.20323882
0.00111144	15015677	0.20647732	0.20366710
0.00104295	26227637	0.20751960	0.20424613
