Generation	Ne_diploids
1	326.414
2	326.414
3	326.414
4	326.414
5	398.752
6	411.862
7	419.688
8	430.156
9	507.845
10	528.053
11	522.623
12	489.172
13	528.693
14	530.205
15	577.781
16	786.091
17	1076.91
18	1130.6
19	1318.77
20	1773.65
21	1943.58
22	2126.66
23	2372.87
24	2736.86
25	3573.74
26	3898.36
27	4211.85
28	5317.2
29	6778.17
30	7452.5
31	7415.11
32	7211.73
33	7797.27
34	7639.45
35	8302.27
36	9244.72
37	9331.67
38	9367.71
39	9380.22
40	9421.11
41	10075.1
42	11268.1
43	11586.5
44	12613.4
45	12721.2
46	12662.4
47	12706.8
48	12709.8
49	13809.8
50	14390
51	14532
52	14550.7
53	15083.7
54	15853.2
55	16878.1
56	17996.3
57	18602.6
58	20034.1
59	20194.6
60	20155.1
61	20122.3
62	20216.8
63	20804.5
64	21166.2
65	21607.6
66	21736.3
67	21986.8
68	22412.5
69	22984.7
70	23040.9
71	22974.4
72	23029.6
73	23259.4
74	23347.2
75	23582.5
76	23950.4
77	24220.8
78	24903.9
79	26242.7
80	26276
81	25548.3
82	24946.5
83	24788.3
84	24677.5
85	25006.4
86	25370
87	25549.1
88	25506.1
89	25501.8
90	25516.8
91	25426.1
92	25289.9
93	25022.2
94	24671.5
95	24427.7
96	24444.6
97	24446.5
98	24309.5
99	24649
100	25115.9
101	25498.4
102	25829
103	25918.9
104	25851.1
105	25568.6
106	25401.8
107	24978.7
108	24854.2
109	24760.9
110	24913.9
111	25156.9
112	25386.5
113	25874.4
114	26615.6
115	26873.7
116	27199
117	27482.1
118	27379
119	27460.4
120	27482.2
121	27649.7
122	27505.9
123	27537.9
124	27682.6
125	27903.8
126	28106.9
127	28137.3
128	27896.1
129	28016.5
130	27912.7
131	28194.5
132	28281.2
133	28690.4
134	28714.4
135	29135.7
136	29525.8
137	29725.6
138	29864
139	29768.2
140	29949.7
141	30101.6
142	30266.8
143	30046.3
144	29928.2
145	29512.4
146	29072.3
147	28633.3
148	28529.3
149	28359.5
150	28340.1
