Generation	Ne_diploids
1	745.065
2	745.065
3	745.065
4	745.065
5	688.921
6	615.48
7	576.837
8	460.351
9	328.712
10	161.404
11	117.171
12	80.5822
13	57.1387
14	51.2599
15	51.259
16	53.8069
17	65.716
18	79.273
19	111.944
20	287.509
21	968.884
22	2093.15
23	3353.56
24	5216.35
25	7335.63
26	16779.3
27	20390.7
28	20228.1
29	20211.2
30	20027
31	20176.2
32	20370
33	20608.8
34	20731.4
35	20656.1
36	20889
37	20841.5
38	20519.6
39	20731.3
40	21037.1
41	21457.2
42	21637.6
43	21984.4
44	22189.4
45	22508.3
46	22956
47	23054.8
48	23227.6
49	23417.4
50	23685.2
51	23743.1
52	23677.5
53	23369
54	23230.1
55	23021.2
56	22696.3
57	22540.4
58	22432.4
59	22368.8
60	22370.4
61	22138.2
62	22037.3
63	21957.6
64	22090.2
65	22138.4
66	22096.4
67	21884.1
68	21799
69	21758.4
70	21563
71	21616
72	21854.8
73	22118.9
74	22505.6
75	22541.7
76	22678.1
77	22741.9
78	23046.3
79	23101.4
80	23118.7
81	23202.4
82	23180.9
83	23503
84	23651.6
85	23631.3
86	23733.4
87	23611.7
88	23387.4
89	23375.4
90	23558.5
91	23605.6
92	24117.2
93	24159.9
94	24362
95	23965.1
96	23528.6
97	23686.1
98	23856.1
99	24193.6
100	24314.7
101	24224.5
102	24115.6
103	24199.8
104	24360
105	24532.2
106	24306.3
107	23703.6
108	23185
109	23152.4
110	23298.2
111	23690.7
112	23951.5
113	24357.1
114	24676.4
115	24905.8
116	25102.2
117	24894.5
118	24831.6
119	24809.6
120	24669.5
121	24708.6
122	24795.7
123	24881.7
124	25036.3
125	25102
126	24963.9
127	24718.7
128	24519.9
129	24310.8
130	24270.2
131	24187.8
132	24282.7
133	24347
134	24102.7
135	23908.4
136	23673.9
137	23517.9
138	23500.3
139	23481.3
140	23433.6
141	23490.7
142	23408.2
143	23448.5
144	23638.8
145	23015.1
146	22255.4
147	21476.6
148	21178
149	20811
150	20714.7
