Generation	Ne_diploids
1	392.282
2	392.282
3	392.282
4	392.282
5	642.784
6	569.011
7	526.232
8	522.9
9	1082.79
10	2695.73
11	5894.29
12	9512.65
13	20516.4
14	22433.9
15	22965.9
16	23650.3
17	23035.9
18	22469.4
19	21534.3
20	21333.8
21	20656.5
22	20454.3
23	20831.3
24	21687
25	21595.3
26	21069.3
27	21539
28	22032.4
29	23270.5
30	23732.8
31	23945.5
32	24198.1
33	24765.7
34	26536.2
35	26632.5
36	26864.6
37	26869.9
38	27299
39	28406.5
40	28882.5
41	29713.1
42	30146.8
43	30165.1
44	30641.1
45	31490.4
46	31952.4
47	32962.6
48	34027.4
49	34738.7
50	35727.5
51	35979.9
52	36569.5
53	37197.8
54	38076.9
55	39081.4
56	40055.4
57	41903
58	42780.3
59	43593.7
60	44886.1
61	47011.3
62	48966.2
63	49378.3
64	50155.4
65	50689
66	50588.6
67	49891.9
68	49787.6
69	49504.2
70	49482
71	49183.5
72	49358.9
73	49877.6
74	50180.5
75	50845.1
76	51565.4
77	51942.6
78	52385.2
79	52230.7
80	52141.5
81	52775.8
82	52689.9
83	52768.4
84	52596.8
85	53424
86	53903.5
87	54289.8
88	55284.7
89	55656.6
90	57064.6
91	58216.3
92	57692.1
93	57135.2
94	57742
95	58360.7
96	58664.7
97	59468.6
98	59688
99	59589.5
100	58734.5
101	58320.7
102	58132.2
103	58796.8
104	60336.3
105	61489.7
106	61540.7
107	61916.7
108	61457.3
109	60866.6
110	60241.4
111	60325.7
112	61053.3
113	62638.2
114	63932
115	63920.3
116	64941.8
117	65559.9
118	65545.2
119	66664.8
120	66888.8
121	67038.4
122	66895.7
123	66417
124	66296.9
125	67375.4
126	67222.4
127	67521
128	67382.9
129	67693.1
130	67712.3
131	67961.2
132	67975.1
133	68214.3
134	68078.6
135	68379.8
136	68349
137	68388
138	68447.4
139	68227.2
140	68214.4
141	68480.6
142	68597.8
143	69106.7
144	69497.1
145	69412.3
146	68926.3
147	68856.9
148	68804.7
149	68745.6
150	68859.7
