Generation	Ne_diploids
1	5131.45
2	5131.45
3	5131.45
4	5131.45
5	3848.25
6	3573.25
7	2886.03
8	2376.86
9	1316.58
10	1116.96
11	984.285
12	871.758
13	790.965
14	779.535
15	768.579
16	773.239
17	760.807
18	752.2
19	741.632
20	741.533
21	737.698
22	740.518
23	741.968
24	747.056
25	749.282
26	753.307
27	761.751
28	775.188
29	800.064
30	808.284
31	822.017
32	835.546
33	855.353
34	868.188
35	878.689
36	884.944
37	899.937
38	904.73
39	914.748
40	913.058
41	927.257
42	932.549
43	930.568
44	970.475
45	1022.95
46	1049.08
47	1055.41
48	1104.6
49	1154.26
50	1215.76
51	1315.32
52	1642.4
53	2234.06
54	2688.74
55	3743.1
56	4784.57
57	6806.83
58	7788.43
59	8701.25
60	8991.27
61	9507.7
62	9479.21
63	9735.86
64	10015.6
65	10159.8
66	10201.1
67	10203.5
68	10200.1
69	10301.6
70	10326.8
71	10300.1
72	10389.7
73	10388.3
74	10343.2
75	10335.5
76	10400.5
77	10437.4
78	10480.3
79	10458.3
80	10476.4
81	10438.1
82	10386.6
83	10474
84	10547.2
85	10505.6
86	10579.4
87	10471.5
88	10390.8
89	10354.1
90	10342.4
91	10328.2
92	10213
93	10074.3
94	9956.55
95	9952.94
96	9881.12
97	9927.44
98	9966.85
99	9963.07
100	10003.4
101	10051.7
102	10070.5
103	10163.4
104	10218.7
105	10144.2
106	10038.4
107	9937.48
108	9882.76
109	9814.58
110	9696.99
111	9600.62
112	9528.9
113	9440.49
114	9409.79
115	9393.28
116	9380
117	9438.69
118	9399.68
119	9399.84
120	9313.31
121	9220.15
122	9199.8
123	9222.79
124	9252.82
125	9282.26
126	9257.42
127	9221.65
128	9187.76
129	9113.27
130	9065.96
131	9061.23
132	9014.05
133	8922.14
134	8882.38
135	8795.86
136	8767.46
137	8751.29
138	8746.92
139	8648.32
140	8570.11
141	8545.37
142	8538.75
143	8536.33
144	8553.09
145	8575.38
146	8540.19
147	8546.35
148	8596.18
149	8659.71
150	8715.2
