Generation	Ne_diploids
1	311.771
2	311.771
3	311.771
4	321.449
5	265.06
6	234.776
7	203.322
8	200.648
9	297.807
10	386.129
11	658.158
12	745.968
13	1452.19
14	3420.57
15	13938.9
16	19397.1
17	21340
18	20679.7
19	20580
20	20700.1
21	20656.2
22	20775.8
23	20900.3
24	21008.9
25	20875
26	21093
27	21329.7
28	22242.2
29	22244.5
30	23173.5
31	25172.1
32	28418
33	28341.6
34	29160.3
35	30610.6
36	34315.2
37	34567.1
38	36541.2
39	39113.4
40	40227.5
41	40514.2
42	40519.4
43	41091
44	41832.6
45	42204.2
46	42856.2
47	42933.4
48	45555.1
49	45031.6
50	44678.8
51	45087.4
52	45705
53	45628.9
54	45223.4
55	44786.9
56	44216.1
57	43229.1
58	42255.7
59	41682.2
60	41390.2
61	41813.1
62	42065.1
63	42161.1
64	43247.9
65	44394.7
66	45956.6
67	47326.7
68	47374.6
69	47303.7
70	46723.7
71	47016.2
72	47502
73	47485.5
74	47530.3
75	48192.1
76	49659.7
77	51457.8
78	52947.6
79	53602
80	53314.7
81	53616.1
82	53191.7
83	53174.4
84	53545.9
85	53792.7
86	54271.4
87	54126.9
88	53964.9
89	53683.3
90	52989.4
91	52014.9
92	52200.1
93	52192.5
94	52172.8
95	52335.1
96	52656.3
97	52649.1
98	52829.2
99	53430
100	53915.7
101	54261
102	53909
103	53843.9
104	54149.3
105	53866.3
106	53518.5
107	53622.8
108	53229.5
109	53661.9
110	53960.6
111	54198.1
112	54978.2
113	55866
114	55806.1
115	55491.9
116	55466
117	56229.3
118	56143.3
119	55648.9
120	55715.1
121	55999.9
122	56263.1
123	56640.4
124	57602
125	58415.2
126	58893.8
127	59160.9
128	58674.3
129	58188.2
130	57858
131	57379.5
132	57577.6
133	57892.9
134	58073.2
135	58314.3
136	57758.8
137	57726.1
138	58070
139	57977.8
140	58702
141	58551.1
142	58067.8
143	57118.1
144	56072.2
145	55638.4
146	54967.5
147	54400.3
148	54175.5
149	54433.4
150	54346.3
