c_bin	number_of_SNP_pairs	Observed_d2	Predicted_d2
0.04105000	7498047384	0.07484180	0.07474438
0.02895360	3851995019	0.07811030	0.07833489
0.02240280	2346707954	0.08035240	0.08070221
0.01827990	1571389929	0.08239250	0.08237638
0.01544660	1119639293	0.08355590	0.08362241
0.01337320	842452706	0.08454160	0.08459196
0.01179140	656330760	0.08522480	0.08537213
0.01054600	526219859	0.08580420	0.08601907
0.00953814	429771685	0.08678080	0.08657213
0.00870579	360684668	0.08720150	0.08705741
0.00800785	304668060	0.08793860	0.08749272
0.00741445	261529335	0.08833160	0.08789131
0.00690187	226776191	0.08870600	0.08826431
0.00645620	198437740	0.08911430	0.08861727
0.00606382	175542313	0.08958330	0.08895648
0.00571744	156005325	0.09028910	0.08928382
0.00540835	139260564	0.09050700	0.08960316
0.00513034	125044896	0.09029600	0.08991693
0.00487992	113198777	0.09037550	0.09022516
0.00465284	102568577	0.09049090	0.09052926
0.00444601	93899603	0.09094830	0.09082979
0.00425674	86072698	0.09100140	0.09112730
0.00408285	79031692	0.09129870	0.09142209
0.00392261	73018088	0.09198750	0.09171414
0.00377450	67413878	0.09245560	0.09200344
0.00363709	63025474	0.09243900	0.09229021
0.00350956	58607481	0.09254030	0.09257373
0.00339060	54837546	0.09233500	0.09285462
0.00327922	50849268	0.09306260	0.09313321
0.00317514	47829944	0.09301600	0.09340825
0.00307744	45286849	0.09312650	0.09368034
0.00298552	42541977	0.09374840	0.09394948
0.00289898	40383940	0.09384370	0.09421529
0.00281732	37884645	0.09399070	0.09447786
0.00274005	35933278	0.09420890	0.09473744
0.00266703	33850514	0.09486860	0.09499324
0.00259774	32112096	0.09515820	0.09524590
0.00253196	30371995	0.09550970	0.09549517
0.00246933	29066856	0.09522310	0.09574142
0.00240989	27537311	0.09581460	0.09598355
0.00235319	26193892	0.09597790	0.09622250
0.00229901	25073912	0.09637110	0.09645841
0.00222299	47403795	0.09646289	0.09680248
0.00212828	43606231	0.09666529	0.09725373
0.00204130	40055326	0.09725311	0.09769160
0.00196128	36846158	0.09767528	0.09811557
0.00188718	34100126	0.09803324	0.09852742
0.00181851	31970099	0.09819772	0.09892645
0.00175473	29770757	0.09869290	0.09931295
0.00169528	27629308	0.09923003	0.09968748
0.00163964	25798770	0.09932692	0.10005125
0.00158755	24248018	0.09968228	0.10040374
0.00151607	44626059	0.10041915	0.10090731
0.00142936	39689638	0.10172309	0.10155055
0.00135196	35577919	0.10263712	0.10215661
0.00128261	32073364	0.10296977	0.10272681
0.00122002	28929241	0.10372946	0.10326469
0.00116316	26371645	0.10462621	0.10377339
0.00111143	24351236	0.10547852	0.10425352
0.00104294	42651765	0.10627384	0.10491603
