Generation	Ne_diploids
1	439.304
2	439.304
3	439.304
4	439.304
5	302.086
6	261.511
7	203.053
8	166.657
9	88.3449
10	58.7423
11	53.1579
12	50.7421
13	46.9338
14	51.4521
15	54.3346
16	65.2336
17	237.892
18	816.633
19	1906.17
20	4726.55
21	12243
22	15236.2
23	17406.9
24	19068
25	21636.6
26	22592.1
27	22851
28	23022.4
29	23272.3
30	23056.9
31	22872.6
32	22526.7
33	22463.5
34	22509
35	22465.4
36	22386
37	22369.8
38	22438.3
39	22517.3
40	22735.7
41	23225.5
42	23705.5
43	23574.8
44	23556.7
45	23485.4
46	23375.1
47	23395.8
48	23520.4
49	23471
50	23538.4
51	23837.5
52	23937.1
53	24001.9
54	23972.4
55	24134.7
56	24512.5
57	24786.2
58	24846.6
59	25251.8
60	25142.7
61	25084.3
62	24781.5
63	24456.6
64	24238.2
65	24300.2
66	24220.5
67	24206.5
68	24310.8
69	24512
70	24513.6
71	24411
72	24363.5
73	24554.7
74	24485.9
75	24604.1
76	24536.6
77	24864.9
78	25016.5
79	25315.9
80	25526.6
81	25449.4
82	25335.5
83	25475.4
84	25392.9
85	25253.9
86	25145.1
87	24949.2
88	24589.8
89	24553.2
90	24549
91	24745.9
92	25064
93	25059.8
94	25011.3
95	24530.1
96	24300.9
97	24091.5
98	24270.5
99	24622.9
100	24646
101	24868.4
102	24961.7
103	25050.8
104	25000
105	24649.5
106	24274.1
107	23758.3
108	23587
109	23441
110	23391.5
111	23092
112	22787.8
113	22478.7
114	22340
115	22254.2
116	22487.9
117	22701.4
118	22790.3
119	22593.4
120	22456.6
121	22618.8
122	22151.7
123	21988.9
124	21984.9
125	21996.9
126	22063.9
127	22054.8
128	22244.8
129	22379.3
130	22464.1
131	22458.4
132	22494
133	22510.1
134	22719.6
135	22575.6
136	21741
137	20893.6
138	20543.9
139	20047
140	19190.6
141	19054.6
142	18549
143	18543.4
144	18309.7
145	17675.2
146	16618.1
147	16325
148	16169.7
149	15509.3
150	14774.8
