c_bin	number_of_SNP_pairs	Observed_d2	Predicted_d2
0.04105210	4682381203	0.10372600	0.10377779
0.02895590	2401844072	0.11480100	0.11587401
0.02240360	1461626547	0.12335300	0.12412729
0.01827930	977586857	0.13015700	0.13009487
0.01544610	695935414	0.13539200	0.13461139
0.01337360	524251457	0.13903200	0.13817523
0.01179130	407786847	0.14157100	0.14107778
0.01054590	326877540	0.14346600	0.14350009
0.00953760	267340494	0.14594800	0.14557246
0.00870581	224683525	0.14767800	0.14737535
0.00800781	189472003	0.14999100	0.14896848
0.00741457	162535409	0.15128900	0.15039247
0.00690189	141018073	0.15112700	0.15168511
0.00645610	123495847	0.15262900	0.15286424
0.00606379	109369281	0.15431700	0.15395129
0.00571751	96887160	0.15445400	0.15495491
0.00540843	86429754	0.15661500	0.15589037
0.00513036	77854729	0.15727200	0.15676787
0.00487988	70359517	0.15761300	0.15759069
0.00465283	63727289	0.15840100	0.15836579
0.00444598	58350615	0.15953400	0.15909844
0.00425667	53578524	0.15928000	0.15979304
0.00408283	49129904	0.16040700	0.16045278
0.00392258	45419499	0.16133200	0.16108090
0.00377448	41972929	0.16192200	0.16167959
0.00363700	39236891	0.16312300	0.16225200
0.00350963	36517198	0.16368300	0.16279749
0.00339059	34140911	0.16292000	0.16332123
0.00327924	31628901	0.16472600	0.16382396
0.00317515	29732529	0.16450400	0.16430567
0.00307741	28130287	0.16491300	0.16476882
0.00298551	26419225	0.16689400	0.16521428
0.00289897	25092423	0.16560300	0.16564297
0.00281731	23613777	0.16510300	0.16605600
0.00274004	22384787	0.16582400	0.16645471
0.00266705	21064406	0.16614600	0.16683863
0.00259777	19969650	0.16606300	0.16720981
0.00253194	18915417	0.16588200	0.16756881
0.00246932	18121804	0.16589400	0.16791617
0.00240992	17137895	0.16680400	0.16825111
0.00235316	16323379	0.16863200	0.16857625
0.00229902	15617043	0.16856400	0.16889113
0.00222298	29417824	0.16927855	0.16934143
0.00212819	27094634	0.16946917	0.16991644
0.00204129	24992871	0.16976706	0.17045740
0.00196128	22928609	0.17104353	0.17096767
0.00188720	21258371	0.17097675	0.17145089
0.00181851	19918654	0.17091635	0.17190855
0.00175474	18597096	0.17214741	0.17234193
0.00169531	17217891	0.17221201	0.17275352
0.00163962	16040007	0.17178129	0.17314602
0.00158753	15086948	0.17142222	0.17351931
0.00151606	27787982	0.17287449	0.17404148
0.00142933	24705252	0.17495994	0.17469111
0.00135198	22147017	0.17587867	0.17528585
0.00128261	19991440	0.17597768	0.17583207
0.00122000	18024308	0.17677504	0.17633576
0.00116316	16427758	0.17823878	0.17680215
0.00111144	15170388	0.17939939	0.17723415
0.00104293	26493502	0.18184331	0.17781810
