c_bin	number_of_SNP_pairs	Observed_d2	Predicted_d2
0.04105160	6282450889	0.08238650	0.08195781
0.02895170	3228909644	0.08459750	0.08463014
0.02240300	1968487800	0.08666870	0.08655609
0.01827920	1319034773	0.08814580	0.08801848
0.01544680	941126196	0.08900460	0.08916949
0.01337320	706738860	0.08948350	0.09010708
0.01179110	550582288	0.09020940	0.09088915
0.01054580	442045634	0.09137600	0.09155535
0.00953825	360986641	0.09181870	0.09213600
0.00870581	303004675	0.09238030	0.09265259
0.00800786	255834138	0.09300720	0.09312018
0.00741455	220004320	0.09375760	0.09355111
0.00690192	190386440	0.09391790	0.09395687
0.00645609	166495975	0.09450470	0.09434342
0.00606376	147505707	0.09491860	0.09471768
0.00571748	130747091	0.09523950	0.09508228
0.00540845	117004867	0.09560790	0.09544209
0.00513030	104949202	0.09574870	0.09580054
0.00487991	94940200	0.09586750	0.09615758
0.00465277	86030247	0.09638510	0.09651543
0.00444603	78814621	0.09695170	0.09687456
0.00425676	72287615	0.09751870	0.09723610
0.00408283	66333447	0.09805330	0.09760039
0.00392264	61377949	0.09859600	0.09796706
0.00377450	56651668	0.09915580	0.09833640
0.00363708	52954346	0.09960970	0.09870829
0.00350960	49255836	0.09951220	0.09908147
0.00339055	46060266	0.09923960	0.09945716
0.00327918	42776871	0.10066800	0.09983483
0.00317516	40176552	0.10057600	0.10021269
0.00307742	38008843	0.10075500	0.10059184
0.00298550	35711374	0.10149500	0.10097152
0.00289899	33914212	0.10149400	0.10135096
0.00281729	31820994	0.10162200	0.10173047
0.00274005	30175458	0.10184400	0.10210952
0.00266702	28399210	0.10242000	0.10248725
0.00259777	26983178	0.10252100	0.10286389
0.00253196	25488613	0.10322700	0.10323950
0.00246932	24468705	0.10275500	0.10361393
0.00240992	23143850	0.10322600	0.10398508
0.00235316	22013004	0.10375200	0.10435513
0.00229902	21048119	0.10458600	0.10472282
0.00222299	39778578	0.10524131	0.10526475
0.00212822	36619197	0.10586343	0.10598497
0.00204134	33691239	0.10669137	0.10669213
0.00196127	30920872	0.10729102	0.10738669
0.00188718	28655800	0.10783200	0.10806861
0.00181855	26865008	0.10863914	0.10873621
0.00175474	25002015	0.10933711	0.10938980
0.00169530	23145751	0.10967594	0.11002885
0.00163961	21646896	0.11039866	0.11065528
0.00158756	20346152	0.11021469	0.11126643
0.00151605	37430386	0.11190730	0.11214840
0.00142934	33306475	0.11302201	0.11328784
0.00135195	29904292	0.11360337	0.11437443
0.00128264	26971165	0.11492995	0.11540711
0.00122000	24292378	0.11656066	0.11639204
0.00116316	22163811	0.11827831	0.11733048
0.00111143	20497062	0.11908825	0.11822349
0.00104294	35807760	0.12070591	0.11946617
