c_bin	number_of_SNP_pairs	Observed_d2	Predicted_d2
0.04104930	7252067823	0.07050170	0.07033045
0.02895340	3727937491	0.07147000	0.07162716
0.02240290	2272546195	0.07247430	0.07247755
0.01827990	1521195389	0.07293190	0.07308621
0.01544660	1084151681	0.07321040	0.07354743
0.01337350	815121120	0.07393550	0.07391324
0.01179130	635007194	0.07403820	0.07421318
0.01054600	509426207	0.07403810	0.07446602
0.00953807	416252077	0.07442430	0.07468571
0.00870589	349463291	0.07489140	0.07488170
0.00800779	295093090	0.07496090	0.07506111
0.00741450	253556993	0.07480070	0.07522933
0.00690189	219723612	0.07535480	0.07539149
0.00645612	192140814	0.07553840	0.07555036
0.00606383	170279299	0.07602610	0.07570902
0.00571741	151171384	0.07622580	0.07586877
0.00540838	134983064	0.07664370	0.07603156
0.00513032	121168638	0.07676070	0.07619887
0.00487988	109705916	0.07675560	0.07637069
0.00465284	99413334	0.07692910	0.07654769
0.00444608	90836212	0.07726900	0.07673009
0.00425670	83323667	0.07739430	0.07691826
0.00408287	76532496	0.07718930	0.07711182
0.00392262	70796484	0.07771690	0.07731077
0.00377445	65353671	0.07783650	0.07751483
0.00363708	61086117	0.07786660	0.07772363
0.00350959	56808722	0.07809530	0.07793646
0.00339055	53101638	0.07814620	0.07815369
0.00327920	49299793	0.07859800	0.07837487
0.00317516	46353090	0.07857990	0.07859885
0.00307745	43866081	0.07872400	0.07882594
0.00298549	41202633	0.07919060	0.07905581
0.00289899	39081807	0.07938510	0.07928756
0.00281730	36651756	0.07960580	0.07952136
0.00274003	34795645	0.07950440	0.07975688
0.00266701	32749539	0.07950630	0.07999322
0.00259775	31138950	0.07997930	0.08023061
0.00253195	29438987	0.08016930	0.08046883
0.00246933	28213135	0.07997190	0.08070774
0.00240991	26708898	0.08063240	0.08094609
0.00235316	25410011	0.08118670	0.08118492
0.00229903	24291790	0.08144280	0.08142344
0.00222298	45871888	0.08178595	0.08177728
0.00212824	42257909	0.08211822	0.08225095
0.00204133	38884472	0.08250403	0.08272013
0.00196127	35714103	0.08315094	0.08318417
0.00188720	33056414	0.08357765	0.08364277
0.00181854	30989961	0.08388206	0.08409483
0.00175473	28899242	0.08425326	0.08453974
0.00169528	26794867	0.08442580	0.08497705
0.00163963	25030019	0.08483277	0.08540756
0.00158755	23490033	0.08550179	0.08582984
0.00151604	43250391	0.08582293	0.08644214
0.00142935	38426137	0.08699737	0.08723826
0.00135196	34471566	0.08757907	0.08800267
0.00128261	31096087	0.08877022	0.08873384
0.00122000	28035616	0.08983264	0.08943418
0.00116315	25581940	0.09101749	0.09010518
0.00111143	23615481	0.09118930	0.09074616
0.00104293	41292680	0.09264699	0.09164272
