c_bin	number_of_SNP_pairs	Observed_d2	Predicted_d2
0.04105280	6018747138	0.07563150	0.07563153
0.02895180	3095022954	0.07827180	0.07824429
0.02240290	1886455503	0.07972450	0.07994446
0.01827950	1263203954	0.08139050	0.08114560
0.01544660	900396608	0.08228500	0.08204130
0.01337290	676670901	0.08277940	0.08274009
0.01179100	527016158	0.08294480	0.08330239
0.01054590	422947186	0.08344460	0.08376681
0.00953821	345560778	0.08379230	0.08416083
0.00870591	289842646	0.08428740	0.08450292
0.00800777	244827160	0.08462910	0.08480631
0.00741447	210613795	0.08486940	0.08508119
0.00690195	182287124	0.08534540	0.08533684
0.00645612	159395784	0.08580410	0.08557876
0.00606383	141008985	0.08598000	0.08581258
0.00571746	125143086	0.08631520	0.08604123
0.00540842	111815301	0.08626430	0.08626857
0.00513033	100400505	0.08684580	0.08649756
0.00487986	91092410	0.08658200	0.08672897
0.00465285	82581845	0.08708100	0.08696437
0.00444606	75548557	0.08722060	0.08720483
0.00425676	69265726	0.08780230	0.08745117
0.00408285	63538364	0.08772450	0.08770372
0.00392263	58682317	0.08821880	0.08796250
0.00377450	54208063	0.08829280	0.08822760
0.00363710	50730415	0.08865430	0.08849898
0.00350954	47254438	0.08886430	0.08877590
0.00339058	44147741	0.08910420	0.08905860
0.00327919	40924939	0.08928190	0.08934726
0.00317517	38498019	0.08960350	0.08964006
0.00307745	36354984	0.08994200	0.08993773
0.00298547	34165355	0.09063620	0.09023987
0.00289900	32452145	0.09062000	0.09054513
0.00281729	30496040	0.09073200	0.09085412
0.00274003	28877213	0.09091570	0.09116615
0.00266704	27198320	0.09208570	0.09148006
0.00259777	25828074	0.09185420	0.09179642
0.00253194	24437054	0.09217520	0.09211487
0.00246933	23404594	0.09209650	0.09243492
0.00240991	22159633	0.09267260	0.09275512
0.00235316	21099591	0.09323570	0.09307680
0.00229902	20158018	0.09345420	0.09339895
0.00222298	38109034	0.09386662	0.09387819
0.00212821	35085779	0.09404564	0.09452263
0.00204133	32274491	0.09504640	0.09516348
0.00196127	29651552	0.09553888	0.09580027
0.00188719	27462208	0.09639987	0.09643214
0.00181854	25723943	0.09717524	0.09705719
0.00175474	23941126	0.09821050	0.09767465
0.00169529	22178438	0.09812957	0.09828363
0.00163962	20717283	0.09861116	0.09888520
0.00158755	19462588	0.09875162	0.09947682
0.00151602	35875702	0.09977422	0.10033793
0.00142932	31966582	0.10114285	0.10146255
0.00135197	28638921	0.10206019	0.10254657
0.00128262	25857811	0.10305252	0.10358856
0.00122001	23281232	0.10461848	0.10459040
0.00116316	21213903	0.10590499	0.10555339
0.00111143	19604144	0.10702417	0.10647670
0.00104294	34311560	0.10881040	0.10777202
