c_bin	number_of_SNP_pairs	Observed_d2	Predicted_d2
0.04104960	6446977172	0.07664050	0.07681604
0.02895170	3314262554	0.07887760	0.07898031
0.02240220	2021881639	0.08094420	0.08090001
0.01828010	1353790682	0.08270150	0.08256397
0.01544660	964853890	0.08430710	0.08400331
0.01337290	726238017	0.08534690	0.08526101
0.01179120	566252589	0.08619620	0.08636914
0.01054610	454315191	0.08742050	0.08735448
0.00953819	370932949	0.08841470	0.08824147
0.00870595	311063346	0.08898180	0.08904667
0.00800780	262614197	0.08962840	0.08978286
0.00741455	225676889	0.09055490	0.09046000
0.00690186	195448915	0.09099600	0.09109000
0.00645617	171150571	0.09157080	0.09167704
0.00606379	151406777	0.09231010	0.09222898
0.00571744	134523099	0.09256160	0.09274763
0.00540835	120117500	0.09284950	0.09323901
0.00513039	107914495	0.09368910	0.09370708
0.00487986	97636277	0.09397240	0.09415304
0.00465282	88529471	0.09437310	0.09457945
0.00444602	81048161	0.09479160	0.09498856
0.00425670	74329513	0.09493720	0.09538249
0.00408285	68113391	0.09576570	0.09576244
0.00392261	62978060	0.09611430	0.09612982
0.00377449	58142337	0.09687260	0.09648566
0.00363707	54330192	0.09723220	0.09683123
0.00350956	50566566	0.09736520	0.09716651
0.00339059	47348663	0.09769670	0.09749330
0.00327922	43928065	0.09829040	0.09781260
0.00317516	41242946	0.09826710	0.09812375
0.00307743	39057149	0.09810770	0.09842825
0.00298552	36665394	0.09867300	0.09872643
0.00289898	34802094	0.09924390	0.09901857
0.00281730	32697829	0.09938380	0.09930527
0.00274004	30997642	0.09962420	0.09958707
0.00266702	29172179	0.10028000	0.09986364
0.00259777	27685571	0.09995050	0.10013584
0.00253195	26201065	0.10007000	0.10040418
0.00246934	25102131	0.10055100	0.10066878
0.00240991	23762431	0.10135000	0.10092900
0.00235315	22613124	0.10139100	0.10118634
0.00229902	21620450	0.10139300	0.10144033
0.00222297	40828248	0.10168413	0.10181247
0.00212826	37635076	0.10238128	0.10230330
0.00204133	34586858	0.10239800	0.10278384
0.00196125	31771299	0.10312058	0.10325510
0.00188720	29424235	0.10381669	0.10371830
0.00181854	27548976	0.10413712	0.10417398
0.00175473	25648604	0.10480835	0.10462276
0.00169528	23799304	0.10538105	0.10506506
0.00163963	22211708	0.10509366	0.10550244
0.00158754	20904026	0.10585801	0.10593445
0.00151604	38498314	0.10616286	0.10656701
0.00142937	34244661	0.10735263	0.10740381
0.00135197	30661952	0.10842430	0.10822689
0.00128261	27699750	0.10894343	0.10903575
0.00121999	24978786	0.10944905	0.10983349
0.00116314	22747141	0.11066894	0.11062187
0.00111145	21024487	0.11139030	0.11139938
0.00104293	36729425	0.11295080	0.11253374
