Generation	Ne_diploids
1	222.248
2	222.248
3	222.248
4	222.248
5	114.836
6	96.1109
7	92.469
8	89.7496
9	112.037
10	120.592
11	139.355
12	148.923
13	1855.72
14	10553.2
15	11762.2
16	16336.2
17	32514.1
18	45418.8
19	48605.4
20	48747.2
21	50755.1
22	51784
23	52562.5
24	53286.4
25	53977.9
26	54684.1
27	54893.9
28	54968.9
29	54067.2
30	54554.9
31	55949.9
32	56815.3
33	58209.1
34	59240.7
35	59627
36	60649.3
37	61166.1
38	61431.7
39	61961.1
40	61554.8
41	61273.8
42	61495.7
43	60928.3
44	60649.3
45	60845.1
46	60207
47	60731.1
48	60698.7
49	59200.3
50	59618.4
51	60506.9
52	61146.3
53	61434.3
54	61426.6
55	60937
56	60660.4
57	60718.2
58	60028.6
59	60296.5
60	61188.1
61	61714.8
62	62619.1
63	62640.8
64	62829.6
65	63251.7
66	63565.3
67	64043.8
68	64770
69	64767.3
70	64592.5
71	64537.5
72	64879.5
73	64067.2
74	62754.7
75	62336.3
76	62422.7
77	62232
78	62812.1
79	63104.6
80	64179.7
81	64794.9
82	65728.9
83	67308.5
84	68800.5
85	70017.3
86	69851.2
87	70570
88	71175.3
89	71300
90	71321.5
91	70730.3
92	70357
93	70069.5
94	70500.2
95	70475
96	71912.8
97	71748.4
98	70010.4
99	69433.4
100	68680.2
101	68242.6
102	69028.9
103	68729.6
104	69129.7
105	68622.4
106	67781.7
107	67176.9
108	66509.6
109	66318.2
110	66004.3
111	66078.9
112	66461.8
113	66173.1
114	66197.1
115	66061.6
116	66268.6
117	67118.1
118	67494.8
119	67431.6
120	67208
121	67211
122	67092.3
123	66967.6
124	67082.4
125	66636
126	66552.1
127	66253.1
128	66042.5
129	66433.6
130	66076.5
131	65482.5
132	64807.1
133	63867.2
134	63596.8
135	63471.4
136	63031.3
137	62454.3
138	61877.7
139	61475.5
140	61191.3
141	60981.5
142	60935.3
143	60880.4
144	60544.5
145	59711.1
146	59677.3
147	60470.1
148	59906.3
149	59648.5
150	59411
