Generation	Ne_diploids
1	422.679
2	422.679
3	422.679
4	422.679
5	279.261
6	121.671
7	97.9423
8	93.8449
9	94.8276
10	343.796
11	566.979
12	696.859
13	3373.98
14	16779.7
15	74370.3
16	127763
17	146097
18	147992
19	149590
20	150294
21	148710
22	149465
23	151212
24	152130
25	152152
26	151891
27	152902
28	148238
29	146087
30	145504
31	151186
32	157306
33	158469
34	159261
35	160391
36	162647
37	162975
38	164485
39	165967
40	165691
41	166226
42	167504
43	168987
44	171652
45	174050
46	172572
47	172123
48	172758
49	172875
50	172080
51	170956
52	168994
53	168702
54	167625
55	166519
56	166440
57	165691
58	165426
59	164576
60	164033
61	163434
62	164266
63	163677
64	164712
65	164487
66	164894
67	165405
68	165490
69	166324
70	165727
71	166863
72	166328
73	166058
74	165977
75	165811
76	165956
77	166793
78	167754
79	169724
80	171508
81	173758
82	175247
83	177032
84	178506
85	180260
86	180742
87	180130
88	177994
89	176185
90	175491
91	175474
92	174061
93	172247
94	170822
95	169263
96	169032
97	168452
98	168792
99	169056
100	169456
101	167936
102	168838
103	169112
104	170093
105	171104
106	171370
107	171626
108	172258
109	172152
110	173425
111	173038
112	171190
113	170711
114	171192
115	170121
116	170221
117	168457
118	166582
119	163375
120	162760
121	160719
122	160718
123	158788
124	158914
125	159665
126	159332
127	159040
128	159020
129	158663
130	158788
131	158100
132	157457
133	157892
134	157401
135	156612
136	156650
137	157920
138	159042
139	160024
140	159773
141	159619
142	159680
143	160635
144	161314
145	163976
146	168559
147	170370
148	171287
149	170493
150	171178
