c_bin	number_of_SNP_pairs	Observed_d2	Predicted_d2
0.04104820	6805100475	0.07293560	0.07278524
0.02895510	3495224348	0.07461480	0.07454563
0.02240280	2130265722	0.07607250	0.07594978
0.01827970	1426916578	0.07706190	0.07709897
0.01544690	1016692007	0.07781280	0.07805783
0.01337320	764372700	0.07874270	0.07887586
0.01179130	596056409	0.07940780	0.07958504
0.01054590	478507823	0.07984740	0.08021006
0.00953811	390798394	0.08039710	0.08077168
0.00870585	327921909	0.08121440	0.08128496
0.00800787	276927616	0.08185770	0.08176099
0.00741463	237732335	0.08245450	0.08220867
0.00690191	205948802	0.08281210	0.08263725
0.00645612	180481799	0.08335630	0.08305032
0.00606382	159717647	0.08384210	0.08345332
0.00571755	141751638	0.08425630	0.08384733
0.00540840	126619805	0.08428190	0.08423634
0.00513031	113686245	0.08421970	0.08462251
0.00487993	102986386	0.08472960	0.08500516
0.00465285	93339237	0.08537100	0.08538585
0.00444602	85331523	0.08560710	0.08576492
0.00425673	78302990	0.08646740	0.08614282
0.00408282	71871255	0.08669140	0.08651967
0.00392265	66407953	0.08711650	0.08689503
0.00377447	61358421	0.08771500	0.08726926
0.00363710	57407311	0.08778690	0.08764186
0.00350957	53309009	0.08830970	0.08801210
0.00339058	49905420	0.08813090	0.08838067
0.00327920	46313842	0.08887790	0.08874766
0.00317515	43588441	0.08928090	0.08911132
0.00307744	41208695	0.08931020	0.08947254
0.00298550	38728416	0.08973470	0.08983113
0.00289901	36745008	0.08998300	0.09018617
0.00281730	34479266	0.09041740	0.09053838
0.00274005	32752096	0.09047120	0.09088727
0.00266704	30790557	0.09118320	0.09123205
0.00259775	29221237	0.09159010	0.09157353
0.00253193	27673644	0.09211670	0.09191144
0.00246933	26492901	0.09201370	0.09224567
0.00240990	25100362	0.09265650	0.09257510
0.00235317	23875335	0.09315690	0.09290109
0.00229901	22814673	0.09345560	0.09322325
0.00222301	43091914	0.09384444	0.09369424
0.00212824	39631221	0.09437991	0.09431417
0.00204130	36445413	0.09485192	0.09491693
0.00196125	33538586	0.09512816	0.09550263
0.00188719	31069305	0.09574726	0.09607239
0.00181852	29101264	0.09643400	0.09662598
0.00175472	27102261	0.09724542	0.09716322
0.00169528	25153775	0.09731303	0.09768469
0.00163964	23454443	0.09800884	0.09819190
0.00158754	22036421	0.09823578	0.09868426
0.00151604	40601476	0.09917190	0.09938884
0.00142934	36074769	0.10040611	0.10029023
0.00135196	32397702	0.10073968	0.10114116
0.00128260	29223157	0.10185527	0.10194316
0.00122001	26341038	0.10260518	0.10270059
0.00116314	24039633	0.10412376	0.10341789
0.00111144	22193918	0.10418433	0.10409515
0.00104294	38780937	0.10580074	0.10503102
