c_bin	number_of_SNP_pairs	Observed_d2	Predicted_d2
0.04104450	4425895673	0.20715100	0.20763990
0.02895130	2281269026	0.21099300	0.21189880
0.02240250	1394968586	0.21534400	0.21460178
0.01827960	934165052	0.21705700	0.21647120
0.01544660	666793129	0.21908900	0.21784120
0.01337280	501987745	0.21971900	0.21889501
0.01179120	391167505	0.22015000	0.21973355
0.01054590	313271827	0.21937200	0.22042065
0.00953817	255858484	0.22041200	0.22099947
0.00870582	215216688	0.22036400	0.22149825
0.00800787	181776261	0.22088600	0.22193598
0.00741466	156308628	0.22200200	0.22232675
0.00690197	135147078	0.22325200	0.22268281
0.00645611	118234173	0.22405600	0.22301041
0.00606372	104809629	0.22422600	0.22331639
0.00571747	93032033	0.22404400	0.22360368
0.00540839	83206212	0.22416600	0.22387707
0.00513035	74730938	0.22459800	0.22413969
0.00487994	67478485	0.22367900	0.22439252
0.00465288	61049309	0.22415200	0.22463768
0.00444605	55911867	0.22427600	0.22487655
0.00425673	51313122	0.22519800	0.22511038
0.00408291	47098567	0.22438800	0.22533986
0.00392267	43490736	0.22547500	0.22556584
0.00377451	40031997	0.22665000	0.22578885
0.00363710	37515199	0.22674500	0.22600937
0.00350962	34894714	0.22647600	0.22622725
0.00339059	32655233	0.22618200	0.22644365
0.00327918	30291204	0.22709500	0.22665885
0.00317514	28437495	0.22758900	0.22687210
0.00307742	26950602	0.22694900	0.22708434
0.00298550	25348983	0.22759400	0.22729564
0.00289900	24053004	0.22699400	0.22750581
0.00281732	22549305	0.22679800	0.22771530
0.00274005	21336107	0.22726300	0.22792426
0.00266703	20147384	0.22710300	0.22813220
0.00259776	19116865	0.22717000	0.22833967
0.00253199	18071543	0.22843200	0.22854662
0.00246933	17312174	0.22735000	0.22875353
0.00240990	16373277	0.22807500	0.22895925
0.00235318	15594824	0.22972900	0.22916483
0.00229902	14898135	0.22944800	0.22937018
0.00222294	28218838	0.23021721	0.22967481
0.00212822	25965791	0.22978814	0.23008316
0.00204133	23913633	0.23126167	0.23048968
0.00196126	21977771	0.23231707	0.23089481
0.00188718	20334167	0.23232614	0.23129894
0.00181852	19045356	0.23204322	0.23170159
0.00175476	17774182	0.23298444	0.23210248
0.00169530	16464604	0.23226043	0.23250225
0.00163961	15352029	0.23295126	0.23290168
0.00158755	14426179	0.23322131	0.23329917
0.00151605	26614340	0.23401815	0.23388733
0.00142938	23611410	0.23534065	0.23467481
0.00135194	21141832	0.23526549	0.23545912
0.00128261	19120754	0.23634925	0.23623666
0.00121998	17266137	0.23688314	0.23701041
0.00116313	15744690	0.23726223	0.23778013
0.00111145	14579804	0.23706771	0.23854376
0.00104293	25396807	0.24040450	0.23966453
