Generation	Ne_diploids
1	583.036
2	583.036
3	583.036
4	583.036
5	623.142
6	630.437
7	636.307
8	639.273
9	723.924
10	766.983
11	806.84
12	824.272
13	881.952
14	913.832
15	943.413
16	974.133
17	1020.32
18	1058.32
19	1085.87
20	1102.75
21	1105.41
22	1113.39
23	1125.3
24	1142.1
25	1152.18
26	1152.86
27	1158.21
28	1150.83
29	1146.01
30	1141.04
31	1132.52
32	1132.72
33	1116.08
34	1100.36
35	1072.19
36	1029.8
37	997.849
38	988.755
39	977.04
40	947.756
41	905.196
42	871.412
43	837.049
44	801.993
45	736.574
46	698.924
47	672.202
48	650.664
49	632.59
50	610.295
51	576.874
52	540.354
53	508.807
54	496.422
55	479.622
56	464.164
57	439.37
58	421.712
59	400.193
60	389.076
61	381.496
62	368.831
63	363.964
64	357.485
65	353.953
66	351.861
67	351.537
68	349.319
69	351.124
70	354.471
71	357.047
72	356.603
73	355.528
74	360.087
75	358.21
76	358.611
77	362.346
78	369.743
79	376.145
80	379.263
81	395.53
82	412.591
83	420.622
84	449.475
85	504.861
86	627.12
87	735.928
88	841.29
89	1024.84
90	1129.52
91	1260.46
92	1528.01
93	2140.07
94	2780.96
95	3508.05
96	3819.64
97	4341.66
98	4864.62
99	6094.66
100	6767.85
101	6969.16
102	7168.92
103	7219.16
104	7323.92
105	7412.03
106	7561.49
107	7606.09
108	7834.68
109	7921.81
110	7948.15
111	7980.23
112	8066.17
113	8090.58
114	8175.97
115	8220.32
116	8184.8
117	8213.16
118	8216.36
119	8237.1
120	8277.95
121	8316.85
122	8440.25
123	8454.25
124	8508.06
125	8577.14
126	8618.49
127	8619.55
128	8637.84
129	8578.6
130	8550.05
131	8543.5
132	8617.54
133	8626.11
134	8734.72
135	8720.88
136	8705.01
137	8690.67
138	8623.35
139	8621.08
140	8642.64
141	8663.35
142	8692.08
143	8711.46
144	8743.95
145	8762.08
146	8790.45
147	8773.97
148	8766.24
149	8769.75
150	8722.07
