c_bin	number_of_SNP_pairs	Observed_d2	Predicted_d2
0.04104120	6963176949	0.10329500	0.10339548
0.02895190	3589692698	0.10434900	0.10440029
0.02240250	2190045033	0.10524600	0.10515197
0.01827940	1468680126	0.10586100	0.10574572
0.01544660	1047234849	0.10629900	0.10623477
0.01337330	788081959	0.10681000	0.10665317
0.01179130	613720590	0.10696200	0.10702046
0.01054580	491882310	0.10749600	0.10734931
0.00953807	402183243	0.10772900	0.10764915
0.00870600	337678323	0.10770100	0.10792611
0.00800791	285392264	0.10785600	0.10818434
0.00741462	245011073	0.10829000	0.10842685
0.00690181	211952286	0.10824500	0.10865728
0.00645614	185258653	0.10876500	0.10887644
0.00606385	164315792	0.10911900	0.10908669
0.00571746	145968084	0.10942100	0.10928825
0.00540837	130490536	0.10972700	0.10948283
0.00513037	116991993	0.10975900	0.10967159
0.00487993	105890625	0.11002000	0.10985449
0.00465288	95920024	0.11029100	0.11003235
0.00444602	87764805	0.11017700	0.11020573
0.00425670	80372190	0.11067300	0.11037513
0.00408285	73820455	0.11040700	0.11054087
0.00392264	68292266	0.11075400	0.11070326
0.00377445	63007328	0.11106100	0.11086270
0.00363710	58975952	0.11111200	0.11101927
0.00350961	54862400	0.11096800	0.11117301
0.00339057	51246175	0.11138400	0.11132464
0.00327919	47587625	0.11155200	0.11147428
0.00317514	44641406	0.11122400	0.11162155
0.00307742	42311889	0.11159500	0.11176705
0.00298553	39726108	0.11176200	0.11191081
0.00289898	37697776	0.11176400	0.11205294
0.00281730	35396835	0.11216900	0.11219356
0.00274005	33649711	0.11202500	0.11233286
0.00266702	31659722	0.11294000	0.11247066
0.00259775	30047580	0.11273800	0.11260727
0.00253196	28436288	0.11288800	0.11274279
0.00246935	27208372	0.11268100	0.11287737
0.00240990	25756678	0.11285800	0.11301060
0.00235317	24498615	0.11328500	0.11314305
0.00229901	23446843	0.11333300	0.11327468
0.00222300	44272675	0.11336468	0.11346866
0.00212823	40751664	0.11373975	0.11372717
0.00204134	37488194	0.11390865	0.11398244
0.00196125	34478414	0.11441704	0.11423517
0.00188718	31906142	0.11465042	0.11448568
0.00181853	29907372	0.11500222	0.11473397
0.00175472	27818529	0.11546275	0.11498027
0.00169527	25804284	0.11536669	0.11522466
0.00163964	24135301	0.11523173	0.11546776
0.00158753	22662688	0.11520418	0.11570946
0.00151604	41781225	0.11615062	0.11606552
0.00142937	37149242	0.11623732	0.11654078
0.00135197	33240222	0.11702096	0.11701239
0.00128261	30032401	0.11741893	0.11747960
0.00121999	27105765	0.11789883	0.11794372
0.00116317	24702824	0.11838580	0.11840501
0.00111145	22798036	0.11883873	0.11886334
0.00104293	39830301	0.11973613	0.11953587
