c_bin	number_of_SNP_pairs	Observed_d2	Predicted_d2
0.04105210	5339278562	0.09318750	0.09274629
0.02895050	2746572137	0.09666680	0.09686497
0.02240250	1675549692	0.09936810	0.09964368
0.01827930	1122562432	0.10159300	0.10164446
0.01544670	800009228	0.10309800	0.10315225
0.01337310	600793811	0.10430900	0.10433586
0.01179140	467842014	0.10471200	0.10529174
0.01054580	375537877	0.10606500	0.10608352
0.00953830	306891672	0.10717600	0.10675585
0.00870569	257687281	0.10789200	0.10734023
0.00800790	217586595	0.10857500	0.10785773
0.00741452	187231458	0.10859500	0.10832576
0.00690179	162115158	0.10845400	0.10875919
0.00645629	141886124	0.10861100	0.10916596
0.00606391	125415371	0.10888500	0.10955567
0.00571751	111174939	0.10981500	0.10993213
0.00540841	99510752	0.11008900	0.11030127
0.00513036	89251054	0.11045500	0.11066725
0.00487987	80854714	0.11073800	0.11103118
0.00465286	73337259	0.11064500	0.11139521
0.00444607	67066086	0.11095400	0.11176086
0.00425675	61457850	0.11154200	0.11212933
0.00408286	56364938	0.11241300	0.11250101
0.00392259	52052245	0.11364800	0.11287615
0.00377447	48157046	0.11444500	0.11325466
0.00363707	45006832	0.11443600	0.11363675
0.00350958	41881945	0.11469100	0.11402125
0.00339054	39199404	0.11491300	0.11440933
0.00327919	36388899	0.11530400	0.11480048
0.00317516	34184198	0.11493100	0.11519298
0.00307738	32358288	0.11552000	0.11558798
0.00298553	30402168	0.11641400	0.11598409
0.00289900	28824265	0.11625200	0.11638133
0.00281727	27093754	0.11651100	0.11677967
0.00274005	25681239	0.11731200	0.11717822
0.00266702	24161074	0.11814200	0.11757636
0.00259777	22985557	0.11876700	0.11797423
0.00253194	21734334	0.11934900	0.11837195
0.00246933	20842562	0.11802100	0.11876892
0.00240991	19698932	0.11860000	0.11916349
0.00235315	18736716	0.11989200	0.11955748
0.00229903	17930334	0.11980400	0.11994950
0.00222295	33887450	0.12016687	0.12052914
0.00212822	31253644	0.12062363	0.12130073
0.00204136	28732719	0.12222866	0.12206075
0.00196128	26373865	0.12325279	0.12280947
0.00188719	24397981	0.12439025	0.12354648
0.00181857	22889312	0.12399817	0.12426952
0.00175473	21286811	0.12490653	0.12497933
0.00169529	19736961	0.12460326	0.12567446
0.00163961	18445904	0.12602291	0.12635722
0.00158757	17303949	0.12649216	0.12702433
0.00151606	31851602	0.12695967	0.12798921
0.00142933	28362614	0.12869181	0.12923959
0.00135194	25473818	0.13012946	0.13043470
0.00128263	23002638	0.13065818	0.13157341
0.00122000	20722183	0.13264925	0.13266146
0.00116315	18870487	0.13476793	0.13370072
0.00111144	17439815	0.13533614	0.13469108
0.00104292	30507880	0.13702903	0.13607257
