Generation	Ne_diploids
1	379.194
2	379.194
3	379.194
4	379.194
5	325.576
6	305.293
7	231.624
8	190.528
9	172.68
10	151.458
11	189.029
12	283.789
13	471.42
14	1351.65
15	4254.38
16	12197.3
17	33794
18	40833.1
19	44609
20	44769.6
21	46476.2
22	49914
23	51596.2
24	49606.2
25	50521
26	50591
27	50383.6
28	50346.6
29	50838.9
30	51962.8
31	52630.6
32	52882.4
33	52730.3
34	51880.6
35	51965.6
36	52110.8
37	52935.7
38	52671.2
39	52534.3
40	52460.4
41	52242.9
42	52549.8
43	53043.2
44	52472.9
45	51833.3
46	51793.7
47	52442.9
48	53498.8
49	54767.2
50	54538.8
51	55035.1
52	54793.4
53	54207.9
54	55680.4
55	57338.4
56	58769.6
57	60265
58	61318.8
59	62112.7
60	61657.9
61	61279.7
62	60721.1
63	59681.6
64	58508.5
65	57469.5
66	56754.1
67	55866.5
68	56220.7
69	56816.2
70	57760.1
71	58695.9
72	59203.9
73	60318.5
74	61386.2
75	61976.4
76	62436.1
77	61704.1
78	60670.6
79	60834.8
80	60233.5
81	59410.4
82	59074.9
83	59372.3
84	60356.4
85	62194.7
86	62808.6
87	62743.5
88	63712.6
89	63232.8
90	62964.1
91	62831.9
92	62065.4
93	60741.6
94	59899.7
95	59797
96	59614.6
97	58904.6
98	59906
99	59792.3
100	60377.6
101	60593.5
102	60458.2
103	60750.1
104	60679
105	60988.6
106	61023.3
107	61350.5
108	60869.3
109	60408.1
110	60300.6
111	60259.4
112	60040.4
113	59217.5
114	59239.9
115	58504.4
116	58298.8
117	58000.3
118	58470.2
119	58997.5
120	58498.6
121	59320.2
122	59373.4
123	59486
124	59415.6
125	58917.5
126	58586.6
127	58744.6
128	58585.7
129	58747.2
130	59670.8
131	59954.4
132	59925.2
133	59879.9
134	60015.6
135	60473.8
136	60760.2
137	60571.9
138	60913.9
139	60888.9
140	60766.4
141	60732
142	60899.7
143	61136.3
144	61284.1
145	61896.9
146	61933.7
147	61978
148	61849.8
149	62058.7
150	62336.2
