Generation	Ne_diploids
1	711.507
2	711.507
3	711.507
4	711.507
5	578.523
6	547.751
7	458.097
8	378.26
9	324.92
10	288.059
11	261.401
12	246.609
13	230.129
14	228.208
15	295.332
16	361.584
17	464.71
18	607.398
19	645.281
20	1253.93
21	2193.6
22	3880.05
23	11378.4
24	27287
25	43103.7
26	46949.3
27	49506.9
28	52873.8
29	53414.7
30	53566
31	53496
32	53486.7
33	53520.5
34	53993
35	54289.7
36	54489.7
37	54234.1
38	54525.1
39	54583.9
40	54554.2
41	55457.6
42	56566.8
43	55914.6
44	55732.5
45	55180.9
46	55438.9
47	56356.7
48	57106.8
49	57855.7
50	58501.1
51	59417
52	60521.7
53	61146.4
54	61161.7
55	60868.6
56	61142.3
57	61351.2
58	61902.3
59	63749
60	64713.6
61	65140.5
62	64770.8
63	63345.3
64	62785.1
65	62423.4
66	63327.3
67	63999.7
68	63298.6
69	63270.9
70	62918.5
71	62687
72	62313.5
73	62214.6
74	62738.9
75	63336.6
76	64359.4
77	64876
78	66193.3
79	66037.3
80	66148.5
81	66281.5
82	66079
83	65624
84	65473.4
85	65784.8
86	65944.1
87	66091.8
88	67525.5
89	68244.8
90	68578.8
91	67716.1
92	67581.7
93	66994
94	67450.2
95	67590.7
96	67771.5
97	68042.5
98	68624.7
99	68682.8
100	69710.2
101	71068.3
102	71346.6
103	72591.7
104	73856.5
105	73910.7
106	74013.6
107	74557.4
108	73789.6
109	73547.2
110	73164.6
111	72741.2
112	72257.3
113	72146.2
114	72031.4
115	71596.7
116	71507.8
117	71468.1
118	70772.8
119	70519.5
120	69834.9
121	69670.5
122	70867.1
123	71934
124	73014.2
125	73432.1
126	73452
127	73574.7
128	73887.3
129	73396.7
130	73070.6
131	73047.5
132	73315.4
133	73400.3
134	72522.6
135	71983.2
136	72079.7
137	71560
138	71506.7
139	71816.8
140	71950.1
141	71723.2
142	71712.6
143	71810.8
144	72349.9
145	72871.5
146	72632.3
147	72451
148	73390.7
149	73714.3
150	73545.2
