c_bin	number_of_SNP_pairs	Observed_d2	Predicted_d2
0.04104870	5078147549	0.08579390	0.08561194
0.02895270	2607428684	0.09531660	0.09658300
0.02240270	1591099905	0.10372400	0.10446745
0.01827920	1066129319	0.10992600	0.11033257
0.01544620	761751609	0.11488000	0.11484491
0.01337300	572787059	0.11833100	0.11844059
0.01179100	446826626	0.12148700	0.12138317
0.01054580	357821812	0.12399800	0.12384624
0.00953825	291767968	0.12708100	0.12595589
0.00870577	245255092	0.12888200	0.12779647
0.00800803	206964271	0.12962500	0.12942306
0.00741460	177795185	0.13149300	0.13088019
0.00690181	154024298	0.13275600	0.13220530
0.00645629	134798528	0.13402600	0.13341583
0.00606373	119275445	0.13563800	0.13453622
0.00571733	105939062	0.13619500	0.13557347
0.00540831	94503008	0.13715900	0.13654293
0.00513033	84922895	0.13804800	0.13745537
0.00487992	76835362	0.13907500	0.13831410
0.00465282	69737784	0.13973000	0.13912645
0.00444602	63867199	0.14006900	0.13989686
0.00425671	58438053	0.14055200	0.14063020
0.00408285	53677998	0.14131500	0.14132944
0.00392272	49527202	0.14271300	0.14199707
0.00377445	45722230	0.14272300	0.14263697
0.00363713	42749974	0.14368700	0.14324957
0.00350959	39763868	0.14396900	0.14383686
0.00339055	37238723	0.14453400	0.14440192
0.00327919	34608720	0.14545200	0.14494617
0.00317519	32536090	0.14557000	0.14546883
0.00307741	30765720	0.14538800	0.14597357
0.00298552	28862517	0.14643400	0.14646024
0.00289900	27440519	0.14606600	0.14692990
0.00281728	25761044	0.14609800	0.14738411
0.00274004	24460801	0.14647500	0.14782328
0.00266702	23018095	0.14767200	0.14824762
0.00259776	21871557	0.14788900	0.14865862
0.00253197	20668524	0.14922200	0.14905698
0.00246933	19853497	0.14781100	0.14944370
0.00240992	18734186	0.14801800	0.14981740
0.00235317	17852164	0.14803800	0.15018083
0.00229901	17075056	0.14852600	0.15053374
0.00222297	32241396	0.15055185	0.15103957
0.00212826	29648465	0.15130852	0.15168700
0.00204136	27221084	0.15236413	0.15229893
0.00196125	25024349	0.15259215	0.15287885
0.00188718	23238848	0.15206657	0.15342899
0.00181854	21744012	0.15280102	0.15395133
0.00175474	20227716	0.15420392	0.15444807
0.00169530	18764086	0.15446390	0.15492081
0.00163962	17506448	0.15466443	0.15537259
0.00158755	16485524	0.15495747	0.15580333
0.00151602	30379492	0.15639143	0.15640809
0.00142935	26981524	0.15745175	0.15716219
0.00135197	24151911	0.15840805	0.15785583
0.00128262	21847700	0.15885455	0.15849462
0.00121999	19724215	0.16030184	0.15908588
0.00116316	17925340	0.16224982	0.15963451
0.00111145	16547739	0.16232504	0.16014417
0.00104294	28932585	0.16275868	0.16083509
