c_bin	number_of_SNP_pairs	Observed_d2	Predicted_d2
0.04105150	5542833354	0.08632270	0.08753568
0.02895250	2849045036	0.09327080	0.09430915
0.02240410	1735476409	0.09830880	0.09901102
0.01827880	1163321307	0.10225800	0.10243559
0.01544660	829579891	0.10515100	0.10502657
0.01337330	623680375	0.10784800	0.10706537
0.01179140	485848051	0.10930900	0.10871601
0.01054570	389494929	0.11078300	0.11008695
0.00953817	317876056	0.11223600	0.11125435
0.00870584	266981302	0.11330700	0.11227053
0.00800789	225474752	0.11406200	0.11317026
0.00741448	193893358	0.11510600	0.11398000
0.00690185	167881006	0.11594700	0.11472227
0.00645613	147066170	0.11606900	0.11540852
0.00606388	130038919	0.11691700	0.11605156
0.00571741	115268420	0.11748200	0.11665679
0.00540838	103043427	0.11761600	0.11723201
0.00513042	92418603	0.11799200	0.11778310
0.00487987	83788804	0.11829300	0.11831176
0.00465284	75754102	0.11852600	0.11882088
0.00444601	69376283	0.11878400	0.11931305
0.00425675	63741392	0.11976400	0.11979011
0.00408287	58320445	0.12055500	0.12025352
0.00392264	53966329	0.12045800	0.12070415
0.00377448	49817865	0.12150800	0.12114300
0.00363706	46655455	0.12088800	0.12157082
0.00350954	43444879	0.12057500	0.12198728
0.00339057	40614460	0.12157800	0.12239406
0.00327920	37634641	0.12189000	0.12279201
0.00317516	35389390	0.12210000	0.12317981
0.00307745	33478100	0.12264000	0.12355907
0.00298549	31425724	0.12370700	0.12393016
0.00289899	29828565	0.12404300	0.12429247
0.00281732	28004430	0.12407200	0.12464699
0.00274004	26580624	0.12437300	0.12499416
0.00266703	24988212	0.12506900	0.12533313
0.00259776	23805877	0.12556900	0.12566506
0.00253198	22506818	0.12676500	0.12598999
0.00246933	21528371	0.12568700	0.12630863
0.00240990	20400958	0.12621900	0.12661951
0.00235316	19397418	0.12695800	0.12692443
0.00229902	18501809	0.12752000	0.12722305
0.00222294	35046970	0.12719108	0.12765584
0.00212826	32266891	0.12775263	0.12821703
0.00204133	29625868	0.12897640	0.12875549
0.00196126	27269417	0.12935183	0.12927231
0.00188718	25229563	0.12952251	0.12976918
0.00181853	23684358	0.12966683	0.13024646
0.00175473	22010712	0.13066483	0.13070525
0.00169530	20421217	0.13070323	0.13114633
0.00163960	19082580	0.13062333	0.13157221
0.00158754	17904530	0.13028293	0.13198165
0.00151604	32997728	0.13181515	0.13256241
0.00142934	29336935	0.13319358	0.13329685
0.00135196	26320076	0.13346679	0.13398175
0.00128263	23752292	0.13496563	0.13462013
0.00122001	21427045	0.13590426	0.13521779
0.00116315	19562818	0.13733315	0.13577856
0.00111144	18094417	0.13760823	0.13630397
0.00104294	31569161	0.13945805	0.13702361
