Generation	Ne_diploids
1	285.211
2	285.211
3	285.211
4	285.211
5	221.599
6	199.172
7	140.71
8	109.217
9	61.0631
10	45.8748
11	44.2483
12	40.0537
13	42.9746
14	46.488
15	49.4996
16	94.776
17	317.282
18	1561.7
19	3928.48
20	8538.76
21	9516.1
22	11091.4
23	12495.4
24	12861.2
25	12824.3
26	14010.5
27	14370.7
28	14472.6
29	14593.1
30	14496.3
31	14505.9
32	14471.4
33	14350.4
34	14323.4
35	14399.3
36	14273.9
37	14456.5
38	14701
39	14948.3
40	15446.6
41	15568.5
42	15534.3
43	15630.4
44	15674.9
45	15547.5
46	15445.1
47	15561.5
48	15876
49	15934.7
50	16086.7
51	16311.9
52	16437.4
53	16522.5
54	16455.2
55	16530.2
56	16671.5
57	16765.5
58	15631.2
59	15578.2
60	15678.1
61	15752.4
62	14671.7
63	14594.1
64	14599.4
65	14698.3
66	15978.7
67	16117.9
68	16064.3
69	16236.6
70	16304.7
71	16056.8
72	16032.1
73	15931.4
74	16027.1
75	16110.9
76	16383.6
77	16545.2
78	16575.8
79	16511.9
80	16260.1
81	15942.6
82	15815
83	15833
84	15689.8
85	15575.1
86	15350
87	15031.1
88	14809.1
89	14619.2
90	14532.9
91	14555.8
92	14797.3
93	14912.9
94	15199
95	15215.9
96	15205.8
97	15244.6
98	15254.7
99	15193.7
100	15223.8
101	15384.9
102	15577
103	15895.4
104	16053
105	16137.8
106	16036.2
107	16022.3
108	15964.6
109	15818.6
110	15606.5
111	15518.7
112	15518.6
113	15433.6
114	15354.3
115	15308.7
116	14779.8
117	14324.2
118	14194.8
119	13965
120	13667.4
121	13518.1
122	13330.3
123	13173.3
124	12885.9
125	12898.2
126	12435.7
127	11790.4
128	11495
129	11336.2
130	10995.6
131	10205
132	9756.46
133	9396.37
134	8554.69
135	7756.8
136	7005.55
137	6549.83
138	6274.03
139	6056.8
140	5595.14
141	4913.98
142	4413.32
143	3814.05
144	3488.97
145	3314.3
146	3057.47
147	2800.49
148	2675.77
149	2608.72
150	2504.74
