Generation	Ne_diploids
1	398.948
2	398.948
3	398.948
4	398.948
5	620.939
6	635.435
7	684.987
8	689.435
9	869.245
10	920.808
11	949.658
12	1029.23
13	1203.05
14	1226.8
15	1283.73
16	1283.04
17	1328.3
18	1354.69
19	1356.34
20	1365.7
21	1360.55
22	1351.34
23	1370.63
24	1567.84
25	1602.9
26	1614.13
27	1610.46
28	1762.28
29	1751.82
30	1735.05
31	1779.05
32	1867.48
33	1917.91
34	1963.49
35	2063.42
36	2289.43
37	2662.71
38	2905.2
39	3294.62
40	3440.71
41	3531.94
42	3682.98
43	3636.42
44	3906.08
45	4181.95
46	4173.6
47	4235.28
48	4279.88
49	4289.82
50	4838.68
51	4946.39
52	4984.01
53	5028.52
54	5204.71
55	5285.39
56	5405.88
57	5868.4
58	6187.43
59	6976.71
60	7194.23
61	7971.87
62	8750.28
63	9362.45
64	10508.5
65	11282.9
66	11420.9
67	11817.2
68	11897.3
69	12290.2
70	12387.3
71	12406.4
72	12714.3
73	13009.3
74	13028.3
75	12840.7
76	13437.1
77	13982.6
78	14153.9
79	15233
80	16576.3
81	16790.7
82	17060.8
83	17181.7
84	17066.9
85	17223.5
86	17648.6
87	17651.3
88	17656.6
89	17640.5
90	17558.1
91	17262.1
92	17114.2
93	17047
94	17262.1
95	17641.6
96	17859.3
97	18140.6
98	18338.8
99	18923.9
100	19456.7
101	19598.5
102	19558.3
103	19536.5
104	19618.8
105	19601.9
106	19665.7
107	19579.9
108	19601.4
109	19547.2
110	19362.9
111	19370.9
112	19276.2
113	19092.2
114	19099.7
115	19708.8
116	19843.5
117	20205.5
118	20256.5
119	20202.6
120	20079.3
121	19926.2
122	19868.2
123	19828.2
124	19939.4
125	20190.2
126	20210.9
127	20221.6
128	20345.3
129	20482.3
130	20444.2
131	20422.2
132	20390.6
133	20541.6
134	20635.4
135	20897.4
136	21264.2
137	21200.5
138	21229.1
139	21144.7
140	21064.2
141	21006.5
142	20899.2
143	21072.5
144	21280.7
145	21303.4
146	21238.2
147	21369.2
148	21441.9
149	21339.1
150	19724.7
